3 213 33 132
3 242 107 248
3 271 70 76
3 259 273 23
3 12 146 72
3 156 39 232
3 141 197 194
3 265 142 77
3 180 123 28
3 293 162 88
3 75 19 238
3 256 190 210
3 68 35 41
3 59 241 195
3 112 281 261
3 282 74 30
3 288 92 129
3 296 177 192
3 10 62 128
3 185 14 29
3 181 125 120
3 0 292 31
3 152 217 84
3 285 209 182
3 196 160 279
3 114 228 44
3 106 174 173
3 95 150 184
3 243 266 247
3 111 133 147
3 216 105 234
3 121 237 251
3 212 138 220
3 101 159 110
3 119 82 186
3 127 287 275
3 201 153 8
3 96 236 90
3 272 252 264
3 98 283 254
3 11 71 274
3 43 240 109
3 219 65 4
3 258 113 168
3 13 178 3
3 126 102 165
3 161 218 55
3 205 97 255
3 54 277 26
3 16 297 7
3 104 298 45
3 85 69 225
3 290 37 134
3 48 32 9
3 63 78 130
3 244 149 278
3 206 145 51
3 170 60 169
3 25 144 230
3 80 189 246
3 260 250 22
3 94 202 229
3 135 136 117
3 154 36 52
3 89 215 187
3 131 158 211
3 214 198 38
3 284 227 253
3 49 79 193
3 151 18 175
3 1 262 34
3 249 61 100
3 257 239 93
3 140 91 191
3 67 81 183
3 233 87 56
3 223 47 118
3 224 164 268
3 116 167 291
3 15 171 280
3 245 58 64
3 143 124 172
3 73 139 86
3 226 200 267
3 203 163 263
3 21 40 231
3 294 137 115
3 148 157 99
3 50 176 122
3 204 5 166
3 207 221 199
3 83 188 286
3 208 20 299
3 276 269 46
3 155 2 17
3 295 6 24
3 42 179 66
3 103 57 270
3 289 108 222
3 27 235 53
