3 213 70 31
3 242 123 169
3 271 142 186
4 259 107 79 172
3 12 228 278
4 156 146 157 86
2 141 153
3 265 252 229
2 293 2
3 75 273 239
3 256 178 52
3 68 197 23
3 59 240 211
3 112 71 231
3 180 39 40
3 282 190 182
2 288 37
4 296 162 18 267
3 10 292 100
3 185 35 55
3 181 266 280
2 152 97
3 285 241 195
3 196 297 46
4 0 19 91 122
3 114 138 264
2 106 69
4 95 281 28 222
3 243 160 147
3 111 177 90
3 121 237 255
3 212 74 188
3 101 287 51
3 119 78 17
3 127 14 109
2 201 149
4 216 92 171 166
3 96 217 3
2 272 132
3 98 145 270
3 11 283 45
2 43 189
2 219 215
3 258 250 66
3 13 125 232
2 126 77
3 161 209 22
2 205 262
2 16 47
2 104 194
4 85 62 200 53
3 290 174 254
3 48 81 115
3 63 82 117
3 54 150 57
3 244 236 93
2 206 84
2 170 124
2 25 176
4 80 133 58 38
3 260 105 129
2 94 173
2 135 247
2 154 279
2 89 139
2 131 20
3 214 298 118
3 284 158 253
2 49 274
2 151 183
2 1 165
4 249 159 137 56
2 257 175
2 140 5
2 67 30
2 233 9
2 223 192
3 224 102 26
3 15 113 128
3 245 32 191
2 143 130
3 73 235 291
3 226 277 29
3 203 218 261
3 21 202 268
3 116 60 230
3 294 144 187
3 148 198 64
3 50 61 199
2 204 163
2 207 269
2 83 248
1 208
3 276 227 44
2 155 120
2 295 6
2 42 238
4 103 136 225 263
2 289 251
2 27 76
