25 7468 9436 5828 2695 991 1213 4712 3125 1788 4158 4785 4628 8288 4262 1887 9800 9499 3406 8043 8736 3078 331 6799 953 1012
25 2591 4629 6348 8900 2546 3917 7700 7154 3630 4441 6235 4700 1083 4834 2756 2673 2239 5102 9844 1892 4016 2816 9974 7313 228
25 8227 4052 7753 9232 6160 2000 9831 9294 8700 4556 8964 8238 3342 4891 3007 2873 2636 5196 1418 5419 4197 3067 968 8474 366
25 7227 8982 8762 446 6755 2881 1764 9839 8922 7255 9447 8877 4243 7701 3451 3261 2720 6407 3107 5846 626 6733 5131 9203 2318
25 4796 9750 8490 1835 7610 6229 2726 3629 9661 7846 9681 3184 4430 8133 5341 5453 5964 8320 3993 7141 1438 7752 501 9637 5060
25 7948 8245 9138 3138 8820 1347 5374 7496 1995 9192 9987 5339 4606 8554 6048 6502 7877 8541 8558 801 1607 637 793 1828 2108
25 2418 1776 313 5376 1781 4381 9273 2008 2538 2148 127 6180 5483 8787 504 7586 8973 9041 1932 1968 2919 1449 4474 7620 2909
25 7206 9372 4763 6152 8549 5484 8437 3598 3235 3176 1149 7875 5694 1443 1217 2051 9235 9975 4283 2490 2159 3127 5438 1798 4316
25 3202 1706 8913 2021 141 7337 9156 428 6324 3356 3248 7881 7135 4536 1825 2221 2385 178 5239 7292 2160 4905 5554 2853 7159
25 2736 229 5802 6297 21 8840 9379 7005 8078 5793 3764 9455 7139 6498 2097 5170 2585 585 6738 1691 5111 6448 5613 3984 7681
25 2573 7891 864 9649 3169 9580 2793 580 9421 6942 5786 2539 1351 6525 4033 7043 3960 1953 6843 2321 5275 8656 6598 177 8392
25 9927 5679 4950 9672 6630 377 3454 1515 1526 1694 6883 5354 1618 8445 6760 9128 5311 2818 7103 2432 6568 8686 6920 1038 9602
25 4887 6319 589 3371 7090 836 4404 3219 4245 4595 8827 1724 3768 1783 9218 286 5770 3108 7860 3123 381 8709 8386 2590 4535
25 5982 1427 3104 6830 8998 7962 5785 8512 9024 5581 8842 1791 352 2233 160 439 6240 3379 8175 6619 3083 8811 9850 2688 8639
25 8890 613 6320 9644 1772 8023 6010 8879 3811 7017 115 2320 1315 2421 675 462 6461 5627 9125 6691 4190 8957 5543 5548 60
25 1855 9985 867 2549 2032 2382 3023 5048 6148 7375 2323 3187 8498 3789 2180 1595 2409 5799 9297 7421 5803 9188 6997 7305 64
25 9459 8290 3337 4507 2216 5840 5676 8839 6626 7416 2888 4651 9631 3925 2834 1885 2511 7266 644 7861 6781 9383 131 7531 5948
25 7110 9999 4476 7579 4140 7229 6262 1757 7010 7719 3191 4848 800 5120 6186 2358 7440 7491 1916 8527 7814 939 4216 8916 7178
25 8563 6208 5669 8892 9659 9464 7457 1773 1098 7942 3998 6615 2566 6336 6985 3085 8313 7870 6016 58 9012 3103 975 9016 8196
25 3560 9569 5997 3676 2128 375 8588 2722 4387 380 6201 9194 4076 6487 4131 4547 9948 2114 7470 2013 1980 3498 4045 159 5713
25 1880 4361 6477 4051 4730 3905 1759 5184 5173 9834 6961 9638 4397 7647 6604 6471 1717 2219 9425 3410 6199 4749 4903 8871 5407
25 7716 5891 4275 6543 8304 5517 4965 5913 6108 1754 8551 29 4554 9291 7032 8008 1928 3529 9566 3450 6695 5160 8213 4617 5806
25 6517 3507 4698 2806 762 7504 6300 8761 6627 5544 4302 4974 7356 9976 9113 8463 4880 7395 695 3893 8034 5528 9710 4878 2988
25 2660 7113 7703 4415 3844 9211 7749 1350 8937 7512 6023 6847 2116 261 9558 1050 7260 1175 893 4688 309 890 142 7608 4348
25 2176 7239 2510 4012 5626 3728 8971 4577 424 9946 6456 7181 2579 2597 1100 2707 7973 2871 2771 6827 530 1577 963 8766 135
25 1817 1433 4811 6680 8006 1819 9158 8752 5097 1690 6892 8393 5932 2832 1488 5643 9537 4609 3882 7035 1505 2665 2576 2369 3077
25 9287 9519 6622 2768 9878 9869 9363 1689 505 3013 7880 8699 7876 8810 2393 9233 9703 4738 4046 7081 2339 9241 2856 5212 1850
25 9121 1821 8080 4107 156 933 247 3434 7351 7882 8300 6183 8528 9283 3976 9570 413 5082 6088 9956 3744 9988 3462 5389 8597
25 8670 549 8780 1333 1755 7387 2326 3494 7472 1380 199 7970 9357 1571 5601 275 572 5145 6092 649 4732 2449 5881 9213 697
25 4027 807 2147 6225 4952 7989 3771 4209 8658 2289 201 314 803 2467 5876 2200 676 6658 7006 2117 5242 2650 136 5040 2659
25 1135 408 8568 9381 5475 8095 4614 7867 4339 2534 2652 346 4306 2752 7848 3901 1611 7423 7124 2493 6438 6219 1039 5050 4803
25 5991 39 3061 2132 7775 2690 6928 2763 4344 8586 4461 1664 6459 4090 8177 4560 1624 8504 8148 6924 8939 8692 3002 8232 2775
25 7433 2812 5168 2857 9586 2765 9004 2993 5088 8687 4538 3171 8436 4464 32 3839 4278 9323 8315 1445 1091 9168 4434 1210 4109
25 2384 3145 6514 6699 3368 4716 9336 3609 8806 9054 5474 3914 2794 5153 1318 4034 7761 1008 1106 1455 2367 9370 5901 2924 6905
25 5071 6441 9076 7536 6769 7295 3973 5396 1484 9097 5978 7675 3837 7219 3021 4921 877 1792 1110 4550 3057 225 6750 7217 4296
25 7325 3111 4043 2122 8170 7498 6765 207 4049 9275 6161 1311 3906 7253 4268 5788 1171 7211 4428 9417 6067 2341 6764 2920 8168
25 6527 6129 4412 2684 8508 7978 8468 2530 5756 645 6812 5688 5855 8537 4295 6798 1410 9573 5848 172 6352 2891 6916 4075 491
25 4471 8722 71 3848 6009 4603 8836 4481 6142 1734 6979 6449 7273 794 8626 7759 1549 9980 6867 2791 6599 5879 8442 7216 2521
25 5903 6665 3633 8759 8622 9829 9960 4691 6606 3076 7725 2107 2525 4994 294 7831 2952 8 7869 3416 7030 6479 8912 8688 4813
25 8967 3694 940 493 3181 1042 481 4932 6759 5933 8557 2262 2594 7085 517 9396 3617 278 8818 5607 7306 6585 1750 8897 144
25 3647 8679 3257 5809 8113 2310 911 6688 6787 6869 8866 5011 3721 7338 1609 420 5150 573 1743 6332 7486 7098 6007 9888 4703
25 5480 5307 7899 5815 360 6125 3222 6962 7460 8053 327 7403 4095 7843 5873 732 6476 954 3258 6986 260 8223 7237 1950 5818
25 1000 6499 6560 2075 6291 7994 4147 5327 8753 167 3206 855 5998 117 7787 2868 6835 1812 4378 3208 961 3306 7886 2043 8804
25 5091 5721 643 7556 6582 8888 6154 6523 1811 1406 3750 2034 6058 509 7851 5032 8015 3701 5667 7766 1265 5246 7939 6748 2267
25 1339 5813 2298 5294 8298 9639 7682 455 3333 2002 7064 3194 6866 823 9855 5235 8408 4661 6036 9802 3285 7089 2711 7474 7116
25 7581 6913 8204 1132 3537 5221 1096 6113 8275 3802 7304 4426 2257 1945 308 7041 1727 6330 6443 3009 3726 9215 3010 7868 7893
25 3539 9509 8297 1538 43 5431 5383 336 3034 7931 640 5904 3996 3544 5234 7654 1771 7234 279 5388 3994 2878 4457 8013 9327
25 6544 2171 7713 2474 3398 8720 8576 787 5633 7945 1137 1095 4875 4299 6231 9120 4499 1068 2468 8779 5335 3224 5328 8228 2325
25 476 1670 819 3990 1033 9081 6112 1085 6250 8487 2883 1588 7106 4689 7428 9709 5194 1612 5393 1031 8208 5843 7838 632 4522
25 7632 3739 852 7363 1780 216 6342 6281 8395 9594 5698 1937 8495 5792 814 503 5775 2848 6636 1581 8543 6025 4889 1530 8166
25 7013 437 9503 1322 5608 2100 6427 2514 1655 915 6232 2553 9852 6698 3480 6024 6444 3109 6664 2562 157 6623 5497 2208 545
25 978 1421 415 2499 7142 3496 223 2664 2354 1153 9303 3644 1852 9079 3922 6433 8280 3435 6708 3129 3033 6888 7698 4546 3287
25 3321 6207 6518 5868 2071 7842 2602 3199 4133 2299 2078 3818 2335 9466 4273 7887 8956 4514 6937 4660 3170 7302 2190 6878 4050
25 2528 7483 5137 1854 7588 8104 3031 4715 5063 3782 2249 6648 2651 9758 5288 8513 9617 7391 7905 5434 4222 8515 3509 7105 8109
25 306 4559 2760 5994 2124 3006 764 5003 7927 5836 3904 8057 2750 2460 5584 9331 1912 7691 638 6254 4873 1116 5163 9766 53
25 6686 2308 9072 6793 9826 4150 2123 5130 7968 6751 7162 8235 3132 2464 5963 1917 2861 7825 2962 6632 8669 3924 8567 1958 7776
25 2718 3508 2125 7836 1579 4154 4722 8440 8126 163 7743 271 4488 4196 6957 2211 3909 8748 3024 7821 149 5273 2 2434 1133
25 2887 486 3620 8061 2433 825 1126 9677 1604 7430 1760 402 8760 4621 7209 2932 4508 280 5656 9078 1305 6310 7 2900 3878
25 2053 379 7275 5062 4074 6019 2192 9843 3792 7993 1770 2714 9210 6649 9351 5015 5657 1271 6136 1548 4106 6844 758 3195 4958
25 3654 8929 5658 7510 9770 7436 2913 1712 1239 9284 4328 3531 9298 7796 61 6442 195 1857 8068 1876 4456 7652 3564 6290 5209
25 8088 3388 8581 9392 6384 9798 369 2872 4757 2935 5953 8286 96 8517 227 6807 316 2094 8396 5722 4627 925 4526 8378 9655
25 6321 8792 3433 9084 2251 4252 2167 3387 5612 3525 7268 1520 4495 1447 2455 8734 536 2450 401 6816 9753 1184 6105 2235 1692
25 6753 1713 3265 1228 4862 4468 5238 6145 5925 3692 8507 2564 4997 1683 3279 307 783 2584 1675 9142 9795 3897 6159 6182 4180
25 1159 8119 6845 7200 6678 8374 267 6537 7318 4686 593 2778 6954 2422 5230 1674 3929 2741 9486 1589 705 5727 6829 7715 2817
25 4941 798 7056 592 880 382 4876 9935 9040 6951 3563 1756 7769 4356 8496 2800 6803 5225 9859 2253 1202 5784 6837 9951 3770
25 5983 2593 5717 548 7557 2637 5747 1359 8663 7951 6269 2186 7885 8090 2292 3572 8861 6434 319 2255 1605 6763 459 4597 1123
25 8824 8102 6226 2858 1144 8224 7614 5603 511 8160 7027 3268 9259 4610 3532 7525 9469 7299 1503 4930 1637 9132 2169 5757 1994
25 492 8139 9609 9495 3959 5531 8281 9952 4221 1908 629 7202 1264 8333 4533 37 9597 7664 4790 4993 2388 4081 3274 8569 4518
25 8773 8397 8430 2070 5801 9787 259 690 7425 3044 713 8741 3846 8952 5988 778 5512 8423 5458 5841 6804 4587 1711 9171 1425
25 8071 8895 3758 3216 5980 6355 412 2154 7665 4680 2976 9039 6418 1274 1256 5358 8376 2494 6646 9768 7396 5110 3522 2614 2352
25 3358 1442 5344 6416 7078 2599 5638 2302 7793 6554 5005 9281 6451 2713 1730 5663 8884 3403 9116 270 9087 7578 3652 3834 4248
25 5226 1459 1426 1847 323 2795 7892 4157 9945 7651 6831 9293 7734 2745 2084 6558 2022 3424 92 731 9813 7702 4460 6497 5449
25 8306 1411 3297 4584 2247 3143 9124 883 150 9791 7042 106 7897 3675 2135 9162 4369 4178 2990 1227 786 1881 6836 7326 6317
25 1399 3986 6889 7733 6550 4846 763 2498 3965 9891 8584 2271 8969 9572 3200 9386 5219 6140 5075 2532 4410 4739 7883 1372 6703
25 1192 3774 5639 8704 7490 6089 3533 6178 9790 4675 392 2835 9197 1249 4394 9407 6808 7559 7008 3967 1057 5476 1043 2588 419
25 2758 6548 6245 3805 1142 9042 5237 7960 9964 6054 3953 6176 2544 1723 5929 2910 8106 9629 9250 4521 1748 5915 5069 4847 9414
25 6190 6076 8319 4991 1553 6575 9721 8505 3471 6318 6314 6294 2728 2957 1603 5172 8186 95 9285 5093 3511 8361 6486 1348 9905
25 5441 1789 4475 9153 3779 7224 2612 4542 3813 9255 674 7983 3942 3489 1656 5462 8363 215 1330 5866 3514 8488 7712 2185 2046
25 7575 9920 1978 657 5322 8331 5268 5001 4030 9575 1448 9670 4708 5231 2611 6000 8797 4257 1463 170 3521 197 554 2224 5594
25 820 1736 3566 1633 926 6880 7872 607 4872 2550 3464 3313 5291 6601 5665 7770 9350 6774 3542 4798 8089 2515 557 8920 6458
25 4557 8373 6015 4569 3773 9901 2324 2529 7459 8728 3865 4168 9752 8180 6258 2014 1224 7435 3884 5564 222 3000 2906 3670 6992
25 8596 9921 684 631 5470 4173 5622 3284 9031 9814 5501 4368 6386 9679 6684 3659 2243 7619 6810 6370 966 6002 4343 3772 9944
25 7804 4022 1088 2009 7242 5010 6389 9501 9582 1946 6368 4770 9347 321 9518 7439 2437 5280 6963 8419 2146 8794 5795 3799 1270
25 9954 3389 9253 5653 8024 7478 6594 9660 564 5331 6663 5364 426 1130 9962 8938 4594 7404 7829 8638 4282 1222 6052 3854 4039
25 6377 4181 3742 5662 8441 9147 6895 748 1028 6727 9896 5598 7160 2059 300 9557 5436 83 7888 59 7451 9237 9212 4881 6440
25 1376 789 6114 4069 9402 770 1160 1749 1591 7358 334 6164 8844 3711 2291 4347 8337 386 2734 683 7515 9635 2930 7442 6833
25 2939 6647 1893 4439 921 1423 2198 5687 3592 7622 567 8221 2220 3918 2312 4718 9565 1389 4398 5006 1069 1684 2950 8219 3458
25 9377 6855 3055 329 1225 1744 7252 6530 6824 2850 2517 8409 3988 6021 2843 7276 1329 3812 6073 6308 4013 5191 3087 2130 4313
25 8730 4810 4939 8471 1280 6596 7558 8774 8329 3018 2929 305 5100 8336 6746 7946 1832 6784 7783 6713 4714 9243 5271 2963 6001
25 4469 6150 1842 14 1944 6935 9996 1071 16 3595 4395 1845 5224 8832 9193 2152 1863 7024 8256 7350 7641 9545 5421 3623 6939
25 4793 5296 3655 5412 1705 2527 191 2277 2466 5955 6447 7427 5852 9854 9654 2555 3233 7264 8519 2309 9603 4276 9992 9217 7910
25 8727 8793 7952 3519 3952 7850 3431 3612 2877 7038 9178 7477 6101 2989 845 3412 3242 9411 9101 3038 2106 4558 27 2452 9226
25 773 9109 97 5365 5020 8469 93 8355 3448 9508 1636 8264 7858 5144 1097 4502 3349 9875 611 6068 3402 4633 429 2770 5399
25 7678 388 3733 5877 6371 8947 7121 8743 5823 9801 3845 9676 9060 6315 2340 7331 4156 246 4791 7361 3627 7441 531 4986 7981
25 8303 894 4936 5326 9540 4401 7754 8757 5937 730 6849 9762 2064 6595 4263 7443 7901 469 5525 7748 4719 244 1528 7499 8942
25 4646 2112 9845 8458 4808 5486 7917 844 8729 829 140 976 2242 9479 8860 9262 8676 703 6205 9577 5911 3217 2035 1032 993
25 1344 9048 3850 5683 7672 7911 269 5215 9140 1383 2083 2350 2918 125 9017 2912 9650 834 6295 110 5936 5302 4902 3875 2626
25 9483 8200 8077 4482 582 3634 7452 6578 839 2492 3972 2685 8880 1139 190 5199 152 4607 9701 1687 6011 7018 5726 5568 2884
25 8965 3163 9880 5222 2136 257 8740 7136 1384 2917 5577 3687 9620 1412 2033 6637 1185 5148 2622 3386 6574 5558 5800 7384 4444
25 3760 3693 4913 3624 7757 2516 322 804 3714 3188 6406 4904 7190 2501 2206 8149 1437 8152 3575 6008 6685 5673 8049 8462 6366
25 4411 5295 8099 977 8798 3900 2548 3427 6020 5312 6571 5381 8600 5385 2679 8682 3157 9793 4864 6915 9968 6532 8696 868 1834
25 3936 1040 1666 6462 9755 4940 7742 7667 6672 998 7801 7794 8918 5454 2725 8859 3621 9993 5588 7834 606 9234 937 6693 2681
25 4011 5646 6850 9578 9756 6813 9507 9973 6991 4540 82 8556 9828 5467 4734 9077 4695 2571 5905 8234 1250 9546 1030 7131 2821
25 9824 2710 8251 2337 4204 9030 9668 13 9103 5971 461 6147 9851 5835 5894 9369 6385 2934 7279 7049 2813 2810 1404 7505 8301
25 7025 137 4127 8940 5540 3209 1199 3476 9225 8492 1300 7456 74 6980 6177 405 2397 3937 7817 8677 4330 4195 2661 9149 8628
25 180 3334 2805 1363 8010 3354 2551 4088 565 1243 7523 8172 1531 8242 6510 1075 2638 6885 7874 1170 5028 4804 5972 9618 8981
25 9723 5317 9385 2495 9338 3571 6773 4176 1129 1508 7677 9761 2306 9742 7374 1468 3488 7171 8732 3663 5867 4919 6097 729 9401
25 6039 4419 7176 268 6409 4366 6901 5897 3935 1573 8460 714 2586 1198 8625 1739 3784 122 9633 4497 903 5741 7566 1567 3568
25 2212 3557 1186 6311 7546 6212 8843 8432 5618 2156 4239 2540 3228 2689 338 3667 3859 2898 886 6970 4814 6570 7890 3683 4062
25 1555 1131 5561 301 6674 8335 3980 9675 6242 2724 4256 4964 9034 3877 724 8217 9387 3618 3100 449 5127 7161 8979 3734 9014
25 3608 9601 6724 1111 6102 351 8016 1707 8662 3599 7011 6119 1169 5207 1909 2943 9963 4200 5464 2383 5204 8874 9069 5490 9517
25 1067 3298 3689 1561 80 3603 8365 3066 9123 4996 2666 6864 5428 8027 2105 3263 661 5514 5685 4885 7974 9938 5515 7463 2980
25 9868 7534 7650 7720 1935 188 9652 7756 9890 7320 2928 9118 6372 9296 2261 3962 914 5617 5719 6283 8159 5523 5735 8833 1136
25 4829 3246 129 8389 5471 849 772 8179 1115 847 4311 936 9070 699 7429 4525 1407 6643 6608 8209 8346 7197 5944 9114 8603
25 3491 2977 4320 8153 2315 2370 3118 9117 8274 2069 4884 1859 2647 812 9911 9662 1701 6839 7220 3732 8796 8101 7955 1072 9882
25 2346 2343 5811 9478 8121 4799 3591 947 8370 3394 8277 3376 2823 5696 3 792 1081 7592 8416 3948 9722 8467 1974 5292 1370
25 8192 9732 6327 6075 9765 5136 4942 3122 116 5754 2675 3422 3847 9325 4035 811 7640 9028 941 4331 4706 4102 4865 9115 7824
25 9925 5498 6965 1056 1860 3409 5229 4532 1014 6531 5078 3783 4989 1162 4988 6882 8390 9166 4437 5162 9173 4874 7976 6971 9769
25 5968 5382 6597 2984 685 9653 5816 5282 1569 1308 8516 4592 8037 2054 6791 1800 8572 1395 5832 8350 2072 5938 8746 9032 4466
25 3341 1676 5604 3741 1623 9899 7235 5379 3407 2025 9535 5107 434 3072 6908 2195 266 3869 7040 9312 3175 6858 9059 9107 4833
25 3708 9289 5734 984 3540 8207 8624 8701 4232 4926 574 5143 745 5583 8449 6826 1883 4895 8045 900 5567 7091 3569 452 6493
25 563 7662 8999 2330 4857 2608 8653 1625 8652 1843 2001 6331 861 7240 3305 417 3198 5574 8347 1617 8427 3420 4566 781 2927
25 7444 8070 9011 5260 6155 2907 1005 2792 9908 3041 2948 6359 1948 8846 3840 3473 3214 7777 12 6122 8691 7704 5940 980 4670
25 3578 0 3330 5934 8284 5293 3776 3063 445 4899 3036 502 2139 1500 4308 3892 8092 9695 1223 9126 9694 8604 6779 3040 5113
25 8968 7835 1385 6381 1024 3548 5284 3136 919 4490 8193 2503 4093 1838 6973 4125 390 1966 2414 9926 9767 500 7188 6871 1196
25 6252 8886 1416 9726 3737 5977 5810 4362 1535 5970 120 2672 7289 4692 7082 4213 1232 2776 2838 88 924 1714 193 8544 2482
25 1626 5950 2896 1582 5532 6056 7241 5559 2879 8715 4733 4673 8583 4886 525 7998 1398 5297 6714 236 2803 1841 2403 740 3459
25 2430 8028 3669 3432 7194 8182 7903 5773 2968 1805 7364 7183 458 5833 1906 4288 3798 6156 7765 374 3058 3556 3037 4021 3916
25 4818 636 494 4121 7663 8459 1923 6380 3487 6559 2019 7282 2048 7093 3351 7167 4219 8130 8799 1340 6375 3803 3436 4271 6757
25 7061 854 2882 6562 2338 3911 2436 7923 9624 8141 6466 7455 3915 202 3440 7462 4954 9934 681 1856 7552 5301 4908 8896 8118
25 5059 3312 8276 8086 3829 1358 5378 8536 1262 918 7230 8540 9198 3830 5038 2864 7385 586 2595 1996 7580 5337 5155 2513 9328
25 7909 8815 581 8481 7393 3360 5563 2050 3738 2986 8314 4192 518 4167 6128 4392 1245 1150 6519 3484 7964 8400 5424 4327 9881
25 7613 6801 7330 784 9322 7143 6545 3343 4759 8259 8640 4477 3068 5494 6404 8664 2558 5125 7300 4360 934 1279 7045 5112 769
25 3207 249 7947 1889 538 8525 6768 4748 5496 8343 9461 4845 3543 5619 1375 9095 2854 451 8612 4827 1079 4970 7107 6712 997
25 364 262 935 3731 5103 6511 1590 7274 5827 9374 409 7201 4769 8456 3236 9729 3631 460 8708 7158 1911 7685 8738 7723 8621
25 8253 6382 6645 9933 5098 6840 6729 7800 8072 2230 2027 8388 4828 8765 5884 453 4226 2807 94 8683 2459 8060 3872 927 1662
25 719 7609 3091 1007 6431 7585 1479 9576 1914 2624 2060 8650 4945 899 8988 1076 4454 3499 1502 9917 4357 8627 3997 4064 6425
25 1178 594 5000 7688 7191 7706 4240 9961 1915 3506 4928 1672 3365 1461 9177 1314 5233 9438 1584 754 4860 9590 4564 7602 292
25 9803 584 5635 3492 1051 3173 3390 5493 2827 3796 6654 3966 4251 2081 9382 1360 5723 9523 2362 1248 5808 3262 8243 9196 2554
25 1844 6200 5883 3699 5017 756 3867 5661 4671 8615 7386 8784 5967 2721 87 1460 8129 9794 4888 2914 6047 6091 8273 9969 9222
25 7773 2463 9642 4228 6795 3347 4333 6013 6131 9264 9958 9593 6218 3855 1203 2875 2012 24 6253 4445 7967 8744 86 841 370
25 2288 1356 6614 1180 938 3442 5889 8295 7902 9736 1414 1830 6265 6565 2118 3243 3326 1001 6682 6639 749 8814 2095 1989 4787
25 4679 2678 4772 5509 4672 3752 8522 1176 9909 9984 1710 2946 6478 9757 2372 4743 3400 1006 8352 7852 1291 9942 5213 827 433
25 3696 1562 7146 5794 7878 6410 8870 4134 5495 1787 4254 4099 7551 2226 2905 5157 4086 2356 8772 9274 4041 372 2705 1419 665
25 5886 8632 1285 5812 4274 4635 3510 5054 8962 5019 5203 8705 113 4473 3497 5778 4137 3164 9361 2700 9492 4662 3673 3275 5422
25 1381 2693 258 6247 6032 4984 4230 8657 9082 5433 6851 9990 888 5123 4098 1900 4151 7087 1728 4372 6747 6126 4179 4264 677
25 2445 8326 6540 2285 2018 7101 6679 9304 3245 6284 7625 326 2737 1602 7079 3059 4359 8030 3364 5315 7084 6374 4552 5289 5585
25 6879 264 712 4992 2178 8431 6720 9493 5049 9236 3289 467 3555 2656 7086 5055 5871 8963 4491 5406 1678 6777 5179 8185 5592
25 9252 2191 6124 5461 4678 9092 153 101 5500 1214 3455 710 3945 5916 7212 5188 6981 1650 5586 1161 2068 7995 8087 8865 9628
25 5513 995 2172 2491 9903 1777 376 205 5654 4079 4120 8476 5390 2583 7487 6697 9514 1799 6453 1643 2420 9063 8547 779 7689
25 4483 6988 5197 48 3060 3794 1156 4272 7114 6696 4961 1752 9263 5135 1955 7245 1147 1907 7394 3545 2520 9690 2205 1386 2396
25 9550 2237 9231 5198 4510 2715 1679 4850 2234 6805 6304 2969 9820 6852 3501 7730 1306 2427 9326 4613 4101 55 3340 4350 2862
25 9763 6222 9585 7267 2742 3205 1976 1415 2344 7048 7187 4537 1211 7251 4839 2360 2522 2860 9122 7568 4105 151 6749 19 4323
25 9520 9636 7679 1367 8344 4761 2557 5361 2682 737 8161 8723 2761 8203 5865 2545 4010 4723 1910 8183 4653 597 9746 3110 4699
25 9359 576 7150 4844 9238 870 6041 8785 3558 2111 8417 3723 2779 255 8187 3490 4593 6095 5369 8434 5697 2250 56 4534 4789
25 4070 7767 7658 9199 962 1074 6631 9534 8384 5945 8778 7615 3970 931 9003 3587 4685 6401 6522 9568 6398 3152 689 5923 1465
25 4138 8340 320 2561 4072 5241 9307 2796 8790 7941 8867 7853 4611 2575 410 4982 6551 9183 8494 9932 6675 4487 3691 3561 2391
25 9044 4435 3020 7699 4436 1473 3643 6169 9056 8864 9206 9131 5492 5300 859 7856 7398 1467 1226 790 8143 6079 4585 4293 5473
25 2951 9258 5621 1209 4812 4442 7668 9220 9154 664 57 9898 5680 5797 1846 9734 7417 5922 2644 802 8360 9308 6780 4374 4399
25 9515 9021 5556 4000 8619 4972 7763 252 1715 673 1466 1378 6153 6107 4032 2748 9623 6270 4927 4007 1669 9808 8091 9074 9857
25 3381 693 6894 4281 1551 5749 8294 1769 1786 1327 1746 2465 8205 6367 4194 3425 77 8562 7772 4504 1999 4800 552 3664 3842
25 1114 3635 9865 6966 9179 6633 652 5912 1987 1836 1839 5154 1485 6726 5262 3787 436 570 7774 8452 2667 9972 2286 4026 5205
25 5578 1751 1113 7524 2822 874 6243 6028 2915 2867 3142 5217 1639 7714 5423 6821 1164 4918 8735 9616 4575 1255 3260 4253 6592
25 872 9754 1216 8986 4054 3637 7265 6932 3168 3264 3985 5670 2552 8550 6168 8908 2222 5779 85 782 5534 2479 4266 6050 6789
25 7122 1118 8394 47 5465 5053 7513 7762 4166 5579 4713 3250 3414 9806 7263 282 3319 7353 639 1926 6392 7112 8317 6797 8637
25 9251 6825 3438 1918 6662 6241 7589 3419 5126 5707 6267 3615 4019 1493 7649 1587 7454 7431 1901 2733 9971 8255 325 7564 520
25 8184 2777 9748 1659 6004 6248 9821 3700 6302 8147 8477 4637 6701 1790 9900 5856 8887 8198 2241 3308 295 8645 797 8511 9786
25 1778 8950 622 8107 7555 1267 312 3820 8258 8279 3662 5837 7286 4199 347 6130 9018 8367 5372 4869 7336 406 1244 154 1557
25 7464 3324 624 5762 4082 4004 2964 5146 694 1833 4242 5861 7739 5718 1544 882 9271 8381 5902 5303 7465 2188 3399 1145 5974
25 9360 5437 3810 2642 6717 4314 9849 5549 990 2119 4292 8466 7879 7674 2484 1277 9342 906 6223 6776 9526 6361 3706 1266 7598
25 8578 2502 230 5330 9833 8848 5118 7390 2378 2392 5362 785 8026 7808 3096 3982 3697 2764 7359 1517 112 6507 4776 1527 3201
25 5478 4580 8240 2698 9894 816 5844 8731 3154 3898 7328 846 8385 9559 3231 6428 4096 8312 9169 1601 826 8066 9853 1840 8674
25 3709 7519 8718 6349 3338 1219 7080 1991 9465 5712 15 1444 760 9592 4091 204 7170 9797 9440 4383 1635 3155 6690 4129 3295
25 4528 6293 1721 6104 7623 1867 1795 2820 1871 8500 3465 3428 1080 9712 4652 1324 7670 9886 818 4960 2157 5853 7449 9344 3908
25 7621 9744 1970 6694 7747 2003 7165 6065 4479 9266 3822 3457 2006 9860 7180 2164 9240 1963 1938 5395 4581 7611 7740 3857 4393
25 1545 5909 8239 2092 9398 2407 964 6535 4998 1396 4683 4386 4856 473 7214 3380 608 4489 5077 6638 6783 7822 9133 6998 9261
25 8402 6541 8356 4753 2754 5430 5900 2057 9389 1942 5044 4453 7052 3745 2569 6285 5397 8660 5216 6700 9354 8371 1952 7471 119
25 3827 5589 5910 5384 5380 6184 6481 6899 3927 3528 5247 5926 2290 4413 2942 4448 7311 8769 7965 6968 9928 2956 2446 2386 8036
25 2297 2582 948 9456 4080 1321 994 8503 4326 7864 7871 7203 7186 5333 6620 5392 7507 181 8305 4059 237 4038 5519 4247 1125
25 1563 2649 4530 4433 4144 2936 5298 498 4697 1166 8226 7310 8812 7484 7184 7377 8951 1848 8977 4422 733 8589 6273 7792 8591
25 7147 9528 9548 189 5949 4025 45 5185 6788 1457 1413 8991 9669 108 7645 7527 8966 2623 9269 4909 2617 8634 6437 7819 671
25 4420 6762 1035 8237 9026 6420 2609 7919 7343 2488 3524 9423 1585 2168 8570 8486 1332 5817 1516 5367 3160 9007 7475 2170 840
25 5067 3809 1177 3179 497 9175 3293 8353 196 2886 4183 2477 2266 4163 8673 1619 1361 6187 4721 7803 5026 2276 2028 2425 4890
25 5553 7097 7438 7014 7520 1282 6512 146 339 3947 5286 2663 2781 5439 3505 4590 1677 8211 6584 8382 5765 2687 2789 3391 6705
25 7355 4191 3685 9924 8506 1537 8414 510 471 4701 7168 3307 3832 9502 4576 6175 3276 8613 6734 9023 9073 3668 4376 4543 357
25 7362 688 6170 4854 1094 4220 8641 1732 1518 5845 8945 4817 4113 3943 5838 6260 5051 8807 8992 619 8775 6872 5368 4849 4155
25 1208 7373 9862 5898 1462 1119 3853 5485 4842 9050 912 5417 6255 4402 9330 7222 5074 1596 9562 765 9430 1469 9300 7339 6345
25 3614 7153 1882 9184 4657 2697 6309 6657 6460 9067 1297 5771 8155 9356 3653 7354 483 4923 239 3144 2787 4642 9842 221 560
25 1319 4337 4573 2782 6669 3718 8162 7057 235 9394 4202 9467 9674 2079 3978 7695 1331 7137 1550 3589 4935 6415 508 2824 1491
25 7284 454 687 4494 7071 4971 9978 7494 2311 1013 6625 1934 1388 5004 6049 7915 1482 8054 4237 5033 7543 6671 3314 4843 6271
25 4006 8975 5164 8702 2774 6936 1283 9435 8007 2209 6661 2978 1872 6419 895 9527 2613 256 7612 5269 9104 8398 5766 6723 6328
25 7760 8606 5570 5457 3472 9919 2931 973 3485 3600 7758 4165 2535 4324 3553 9782 2753 1997 9680 5318 1328 1336 6655 8985 8649
25 5649 4255 7924 8822 3868 5850 4238 2381 6886 4503 8017 5668 3318 4463 3763 46 7099 3131 668 9305 1823 2268 7138 4618 8046
25 23 7119 6387 871 7157 6566 9057 3975 8322 4516 1993 6721 3588 5499 4527 4132 7500 4907 1621 9352 2328 2304 3923 6609 2658
25 368 7940 7988 6567 7467 7420 1768 7553 9002 4825 2126 8478 5899 6086 5957 4384 7514 7382 1658 9667 3411 6299 5956 8928 3286
25 6591 9840 8819 9682 7174 8914 5952 9977 173 5930 5104 9716 7595 8863 6263 4871 9706 7550 2786 1829 8318 7092 3097 9805 739
25 6960 2481 3278 7450 7182 744 6513 348 4066 8094 7833 1044 7959 9598 8485 6373 9922 8100 4446 2598 1667 8079 3806 591 8428
25 6090 4465 5479 7671 3527 5610 6823 1258 4284 9731 9458 1566 9835 147 8535 6846 2256 9223 6234 3329 2103 1510 5283 6492 8594
25 6912 6911 6127 7934 3682 647 1931 4447 8933 1599 489 1649 1668 277 1295 9749 3073 1272 6786 7055 2616 3032 5442 6739 9717
25 6031 3030 723 2155 4820 5491 4666 5106 9555 1606 889 1753 3804 1301 2880 709 7692 2574 7104 9318 3366 3251 9426 6742 4259
25 6515 605 6399 7408 5287 7051 4807 5893 9822 3928 1960 3535 6467 1704 5699 3094 7806 6549 8997 9811 7526 3885 9995 7199 6996
25 8605 1016 7535 2283 5961 9484 477 7461 220 5541 2194 6261 6573 3661 7540 6809 7908 8932 9310 692 8717 4223 1902 8941 806
25 7809 7528 9658 7189 7000 198 1049 7718 1240 7297 3826 9345 1504 5036 344 9145 114 716 1045 2394 9393 4305 2607 3958 4519
25 5444 6914 7367 7316 1323 5174 1536 8475 2225 8849 4443 9879 3756 6650 2997 9355 551 3140 3397 3710 2023 4307 9733 4515 5569
25 5371 1763 9474 8561 8526 1651 4563 1371 4280 40 5116 2801 5542 6902 4892 1521 2129 3355 6288 5984 2260 4318 7026 5076 7805
25 4417 742 2556 9497 533 3502 6323 2653 5896 1954 7584 3049 7606 7628 7810 7345 6139 4987 6841 5990 2317 6652 7914 5488 8338
25 9530 3516 5124 2902 1273 7673 7563 5117 6276 3114 8142 3084 7826 8472 2828 8050 1405 5007 7896 8823 3339 7493 8712 7256 9371
25 7109 5147 5426 1524 1525 2524 1747 7028 7996 3856 8580 7077 8114 8858 4690 8364 2785 6918 52 9511 4396 3423 1152 8461 1158
25 9186 4500 5597 4235 1818 2694 297 2762 361 8379 9656 363 421 9286 6022 3106 2808 8117 547 343 4501 4056 2045 9332 5259
25 4301 6692 5348 4877 2416 4762 1060 4073 2333 1025 9713 1964 3586 9412 8631 4486 7261 9923 1897 922 6856 4631 4451 9983 5999
25 6463 799 5776 6062 3445 5520 3051 5156 2686 1499 2577 2217 4506 1212 8841 5692 70 2047 3443 1454 7151 7312 5037 4959 8439
25 7990 4058 8934 9047 3889 706 6426 5425 3941 1775 4911 3656 4786 1985 8970 6668 1191 2605 3860 4663 8216 7950 7480 6952 8145
25 6403 6607 5842 2706 7986 3046 6526 6279 4416 3281 5193 4568 6569 2295 9244 8800 5965 3858 4342 5575 9292 4861 1592 9408 7925
25 666 6197 7784 4152 8978 4600 4029 8747 4976 4114 5482 4632 422 3237 1616 2163 8482 3921 6483 7257 9 5672 5187 3212 896
25 873 9600 2759 76 165 393 6191 9129 5551 4403 7847 4858 4279 3934 2972 3149 610 5981 8327 7335 658 9027 7169 3421 6496
25 7482 350 2983 9100 1492 3304 8065 226 7100 4990 8020 5047 6094 8001 4234 3470 2181 6061 8647 7569 1523 9111 124 5309 5256
25 9349 7088 4823 3090 2091 5506 979 3992 7479 9061 8263 5402 775 337 9365 5041 2336 2375 9796 91 2109 9201 3823 3576 463
25 311 6547 8230 7053 2592 8803 1702 5070 1307 9885 2691 356 4630 1793 9747 6379 3467 4312 49 213 2429 9208 3841 4816 8136
25 1803 7854 3320 9397 7277 33 6529 5703 6312 542 2999 2543 5931 3883 2417 2232 3715 5774 2231 741 3064 9955 5874 9475 9589
25 7972 4214 6340 9588 957 1365 7634 6172 7710 696 5671 5192 6043 9544 4145 2389 4083 6641 4765 5675 7120 1593 121 1355 1278
25 1023 6904 6362 9714 1204 2144 7830 6790 8247 1688 8444 7676 8611 9872 5890 2456 6715 9521 6896 7073 7837 2992 2077 1822 2363
25 2412 5325 7711 8231 5819 8585 3273 6874 4914 4938 8868 532 9335 598 7258 2757 7163 296 7278 7166 8268 5276 3520 3348 4160
25 3824 6521 2677 400 6602 4162 4024 7426 5018 6044 9191 2648 506 8291 9692 3684 9409 575 30 8983 2030 7548 5089 3582 6166
25 8711 5821 332 4385 7296 7285 4570 8893 5432 8489 6098 3043 999 36 1292 3821 4290 958 274 862 2313 9632 5958 6504 245
25 4736 1610 440 6725 1866 8411 7446 1138 1779 1735 8266 4028 1572 761 2279 4153 5220 2975 1276 3604 2570 1738 3239 701 4277
25 5969 5858 3702 6974 2376 7233 8302 2049 4367 3019 9064 4777 1657 2102 3301 7687 6034 3048 1357 6422 3065 3444 6341 7549 5720
25 7347 3650 4925 8201 6282 8339 8808 3050 2098 7309 9439 5878 2165 2471 3720 7737 6710 4711 3112 6489 5177 4801 7407 4893 6457
25 7015 3027 5350 9648 2729 9341 134 3730 3790 2087 9912 8424 2797 3121 4728 8282 8770 5555 3151 6923 6800 5511 7604 1647 9936
25 4329 6910 9966 1554 2894 707 1814 3749 4826 5324 590 8501 5862 5290 4851 8750 1233 7283 3156 8042 7269 4215 7873 7238 2719
25 499 8661 680 2487 8666 1408 1979 4136 4983 5928 2518 8685 7366 5767 5781 9907 2921 7921 3185 123 8446 5629 8250 8924 4596
25 7522 8073 1533 8342 9152 2413 3158 4423 7228 6949 2580 1036 9434 6272 7605 107 3247 8681 5043 3938 104 6919 9776 6123 8012
25 5332 9663 3957 9788 2840 5151 6224 5279 7560 634 3523 2197 9792 1440 7985 2361 5504 8737 5073 4400 496 8134 1120 6508 3871
25 1146 9702 8845 967 6053 5505 6681 8206 8954 753 4963 8311 9818 7262 8552 2568 6185 9136 5227 4897 2640 9247 3332 6861 1903
25 9693 7218 2480 5518 1925 6132 8665 9151 9460 1424 5121 817 126 9705 9415 2949 7922 219 7012 6702 3780 662 7254 9889 3093
25 9346 3833 6158 2670 3001 6198 3968 2627 1797 4184 7626 887 969 1824 1920 3562 8592 4285 7308 8635 8899 2738 8096 4676 7473
25 3638 5954 8935 4824 3323 6475 5737 2702 2572 7066 9127 1215 5545 2371 1943 4775 9008 5261 8907 41 9781 2863 8559 9696 2833
25 3147 1586 4819 6563 5758 8623 8529 3949 4244 8214 3754 1726 6612 2633 3317 5857 9707 6213 653 1062 9816 7144 2625 3950 6552
25 8788 5141 9687 8188 6066 8904 9827 4092 6848 8573 5035 2348 9481 4104 4126 7205 1065 7360 3757 1151 128 7920 2322 9950 6828
25 3861 2851 6322 8202 8064 9697 4148 4119 8011 3475 9176 4294 9485 6941 6967 7532 1193 7726 3879 1807 192 8776 4319 514 6893
25 1027 8244 7050 5908 1645 6611 5166 6037 8165 3482 185 4505 9738 7419 8497 7953 1862 7849 5305 6045 1157 615 4346 2746 8484
25 1190 1478 5064 9376 2202 902 6503 7448 8345 5186 1310 4944 1236 7797 8668 9614 5521 9866 5614 7003 4879 5308 8169 8372 3382
25 1105 6520 5764 5664 1878 2478 303 9583 556 9410 1453 5045 5243 8018 8974 133 7249 546 5728 7857 7002 6500 8455 3335 9343
25 2866 1560 362 856 4931 6676 315 1921 2500 9625 1622 5602 5907 9187 9375 1352 7583 599 7215 8555 7208 9020 2400 4014 9774
25 6018 3325 8473 6099 9513 7705 2995 4040 2587 1519 3310 8777 8407 9529 9428 2655 8289 1104 9080 234 7231 1851 8075 1886 1532
25 6834 4068 609 6470 3017 9180 4668 4142 3526 1794 7046 555 3266 2282 1382 2732 9823 1127 2280 2357 7348 4414 9698 1972 3479
25 3291 879 1685 702 6761 2483 4852 5946 8532 2739 1700 3981 3641 3888 5459 5142 4097 1242 2355 5304 7827 5869 231 2799 4440
25 2486 3964 5404 1077 8410 4608 6417 7802 1304 3607 2485 5550 3838 3971 5645 6778 7332 1965 3581 5824 8067 8377 1598 2846 4619
25 4520 1286 5732 3056 651 7115 8909 8108 3547 4112 3404 6369 5109 5503 5880 7728 8593 2005 4980 8831 2606 265 2149 4185 1345
25 3225 4438 7037 5080 8633 1456 656 353 9068 7669 7732 484 5616 9108 7156 603 9651 6772 5989 832 4002 3126 5266 4037 9799
25 835 1682 8726 7926 4832 2204 3221 2908 9452 9630 1869 2683 9006 885 7938 2305 2066 7341 6853 2223 4694 3538 68 7405 1984
25 7075 4084 507 2031 7193 4210 3736 3849 9556 929 7807 3344 9317 90 8041 2639 3240 8120 8059 9137 6103 7795 771 9432 3517
25 9418 251 1009 2680 7904 6220 5316 5405 79 3204 9214 4375 208 241 2453 2967 3896 9202 1733 3920 6528 8084 2603 9551 2067
25 7684 1959 4898 3134 8009 8063 4705 293 1181 6683 355 5264 992 371 2899 3816 4641 1951 2085 6862 8210 2193 4008 9783 3933
25 1246 4709 7601 4953 8249 8097 9170 5345 3220 9046 1334 5959 2319 691 3671 3944 6204 2547 2278 7963 8733 6446 8707 1254 9075
25 4868 8996 7198 5250 8464 5736 284 5724 7686 1221 5115 6421 2979 1259 5706 4859 9424 4760 4118 853 9141 8212 9420 5253 4665
25 7506 5255 9533 1431 3081 6999 1064 6958 1541 2332 8380 6921 3991 2780 6534 5537 9877 5849 4517 1257 9260 9605 2960 6334 8925
25 766 9735 6564 2063 4358 1260 6820 8391 4060 6624 9167 8852 5014 3165 9812 7293 50 6109 4541 2086 9887 4161 3047 6394 169
25 4467 5134 9071 7768 6287 2110 9448 9105 5202 6722 3303 9337 8241 5677 755 7570 715 6863 7303 3483 583 4217 3995 4186 2189
25 5780 3135 5782 7788 7210 2431 9647 1364 9038 6938 4658 2890 9477 7298 1597 8157 2441 1163 2696 4702 711 4731 9496 7567 3299
25 8553 9848 6794 488 8767 2473 6617 2703 2991 8659 5095 679 659 9789 1815 2727 3294 3574 4459 4894 2560 8961 4018 8062 6987
25 310 9462 7511 1699 5347 4956 7062 3167 7288 3597 1251 2870 1218 6553 7587 6741 4781 3769 9846 7596 3495 1017 8025 8362 7594
25 4588 3926 18 2470 3229 7518 8610 4645 7607 5708 1281 6006 3350 1183 7624 7271 5611 7140 1082 8695 3610 2945 8713 3241 7616
25 8330 8809 3828 4231 3570 2134 9815 8483 7992 5714 2296 8590 5935 1343 8813 8369 6233 8955 1107 8697 6450 6587 1197 7935 38
25 7453 9563 5008 4900 4648 2451 2426 8987 9159 6408 4659 9874 6728 2101 9315 878 7007 2174 3712 8911 9390 8654 3585 1353 2245
25 4838 3178 7930 5895 4704 6350 3395 1446 187 8195 4957 1124 7033 3493 1379 2618 7489 4831 8296 132 1200 9715 3716 2674 4916
25 1973 1439 8254 3227 6473 822 3469 2982 752 8293 5623 4654 7244 9209 6589 3249 8283 5524 9498 2974 2533 1673 5641 5413 8324
25 3362 4100 9471 3703 9267 1864 5084 4947 1059 9358 4767 6206 9967 1506 1809 3874 2301 6933 522 4883 4707 2183 5702 7755 8684
25 3088 5140 5072 4624 5660 2196 9364 951 2258 1990 5349 7590 1671 2925 2634 6286 3907 8252 537 6033 7155 2904 6926 9207 3446
25 7913 8348 7127 6306 6917 5340 2121 3074 2287 3186 7095 7661 3039 5210 3054 8680 5228 8898 1070 6881 7243 3035 9200 5535 8850
25 2620 9686 9621 6887 4779 7741 515 5366 4108 4615 7388 8523 3989 7149 8602 9306 8401 248 1761 7639 8044 9311 358 9611 3115
25 1998 31 3439 1663 7521 8412 1362 6121 5090 4754 8307 9098 5206 7179 3282 9329 9242 328 1884 1121 5892 891 960 1391 7422
25 9249 5705 8881 579 8167 5 1613 3910 7693 5357 9239 982 9246 8817 4755 9622 9279 423 7148 1122 6057 4643 1898 5942 3646
25 7108 9463 813 3166 8609 1977 2567 5689 4906 6070 9367 1539 1640 9288 8438 9771 627 2643 8406 1458 7582 4951 4531 3474 4634
25 1922 5377 6884 2893 788 2037 4622 5859 6117 3120 9970 4236 4565 98 9470 383 670 2965 9532 1929 7617 5606 5119 5353 9646
25 6143 5711 1512 3534 2922 3441 6782 6435 1837 4269 2443 6539 4962 3657 2089 830 3197 6280 1011 6083 8872 7074 6640 7412 9931
25 1874 6509 432 3688 6412 8359 7164 8083 4182 4985 3113 7315 5872 3831 5058 942 4291 6429 2531 8321 526 7400 7236 5277 956
25 3870 6365 5391 7643 4548 8614 7813 9205 6096 9314 3146 9627 2847 3999 2377 2404 4650 9000 3880 8783 8629 8138 5180 6488 1489
25 2015 9541 1229 8995 8838 9065 3690 4063 7134 1047 4421 3583 8646 4620 3605 4265 5039 9110 8033 1366 8926 9468 5798 72 2065
25 1140 6333 4015 8565 2368 143 5976 6945 7697 1187 6977 8915 8801 5539 7631 6666 5777 1725 8174 2076 276 1053 6943 404 1631
25 8047 2654 1087 7811 2461 2911 6165 9764 5099 1369 7629 9858 8829 6731 395 8052 5791 3727 8285 3130 913 1680 8171 519 2600
25 1061 7929 9929 9784 2462 5481 9949 904 5632 1933 8643 986 9174 9830 907 8135 6758 4737 9539 4338 971 4227 2179 1275 3415
25 3230 9613 4863 8923 4432 5536 4924 6402 5787 5751 2236 1762 1174 837 1820 8847 9480 6017 2259 6975 9405 7508 2671 9472 3622
25 943 7599 8948 464 5161 6249 6819 4351 7247 6268 6927 2254 2798 2723 3075 8989 9634 7637 3725 8655 1417 8003 3153 3124 7572
25 6583 5533 9257 5502 3453 6335 9029 5416 1313 648 8405 5034 3098 2842 4218 9684 2767 8889 4485 635 2187 8518 3370 6930 1101
25 7779 4405 1808 5738 7250 8110 7736 8233 8014 5016 9163 5313 5987 3649 7492 84 9181 602 5182 2039 3672 955 4233 8980 403
25 9019 2476 6217 8292 9739 4901 6516 9619 3408 6506 808 7735 6337 5002 7764 1540 9280 2628 5452 2199 3977 2621 4674 3346 1810
25 4717 4744 8357 8902 4773 6087 7488 456 8246 7999 2120 51 1742 5571 8404 1543 466 3895 6360 2218 4391 2996 5448 3460 2804
25 6610 318 6907 4751 6634 4349 7731 1969 9290 9487 4341 569 2351 6959 9155 2293 5355 5547 8222 3477 8128 4143 5814 8802 4684
25 240 3755 5394 5580 9453 6482 9552 3429 1877 843 6464 4310 2692 7638 9785 5122 5691 6711 9538 4966 9348 5415 7076 7281 8560
25 4949 3887 7707 5847 367 291 1320 8598 5414 2716 6621 5772 3660 8671 566 5429 6815 6732 468 8140 9406 809 9164 7820 2563
25 6238 7957 8029 7744 378 1559 3259 9745 5973 4208 8051 6081 4115 8751 1294 5906 9482 8480 4047 9571 751 1509 1441 9884 3369
25 5979 7844 1936 8194 876 2970 3280 1296 8721 4656 8190 7828 5472 9494 1729 6454 184 9725 4055 2497 1494 3698 6400 2390 2210
25 4325 1316 2589 2142 3940 3022 4335 9645 9353 6653 727 8421 6709 1302 1941 7928 3932 304 5522 5863 1718 6215 6754 3133 4795
25 8719 3890 6536 4379 4768 3679 6014 2329 9454 7173 777 8921 7225 2442 6120 430 4146 2955 5605 6216 2399 6246 8076 3713 7301
25 1284 4830 5138 6868 1 5615 6947 5108 3271 7434 5105 9437 8976 2845 8636 4549 4513 5086 6305 7745 3383 857 9391 9476 5642
25 1018 7068 7059 1346 435 9998 7437 7290 8786 289 5469 9779 9182 4267 9488 5576 5057 6027 7603 892 7537 6209 1501 9685 8644
25 218 3778 1481 2923 2668 2379 8959 8032 9819 780 6376 1010 2961 4616 475 1511 6181 6706 6193 1924 9309 8491 2766 4729 6026
25 1956 6581 8215 4123 5232 5962 2380 8953 9939 987 6413 1693 5740 5022 1154 3645 6351 7984 100 4170 2073 9560 3357 7900 4484
25 4644 8173 9245 4511 6946 3852 2849 495 3559 2507 6802 2475 6388 7889 2489 4077 6455 2901 1578 4171 4110 821 4920 158 4841
25 1022 457 6 35 9542 898 4539 1390 5753 4409 8055 4449 9025 7937 3417 6838 9506 3584 1608 4260 4555 5411 6195 663 7738
25 8571 8278 438 2162 4345 4612 5690 5590 5825 5409 8137 4975 9516 8191 3677 8754 9893 4188 2010 4784 5356 7117 6524 759 7855
25 7346 2411 568 4599 3503 8825 717 5761 6775 8127 8749 6069 4336 8287 3762 69 4424 4578 2080 9678 7213 9994 1450 9427 9005
25 923 3008 1102 6239 4561 1983 996 7954 6978 9780 9362 7544 4782 9013 7054 345 5299 4981 3541 9778 7542 4458 3956 166 2252
25 9910 25 2300 7125 9270 6572 3159 8260 7381 1368 9665 7866 6969 1758 1665 7636 6149 5263 4524 3461 9809 7223 7495 2038 3196
25 9914 9804 4241 8156 427 8081 6670 2676 8332 1975 9689 9596 7132 2145 5056 9228 8791 6814 5240 5418 8144 8310 3418 2281 527
25 2448 4249 5158 8828 535 1899 669 3015 42 3625 2036 66 8316 3513 5796 1205 9190 7576 5408 335 263 623 5398 3565 1207
25 1546 8038 8906 148 441 3374 3619 4551 2270 5030 3215 398 8689 3746 7932 2151 17 8675 6084 1826 540 1547 5456 7327 4044
25 2709 9229 524 722 578 7392 6561 5257 2830 5363 9772 1237 8771 4655 8454 3062 99 9832 6491 2055 2058 4794 9902 385 8524
25 1529 6735 1046 1474 4586 2811 7065 5644 7009 5630 1641 3377 8876 5789 920 5826 1600 2161 6423 3150 3190 4917 1403 743 7845
25 641 1422 1108 8115 6228 2836 8082 6085 7709 6989 4353 3863 9161 8856 5133 6055 5214 4571 7067 9473 7118 5274 4382 1066 1402
25 4317 6995 3722 288 8534 3864 8618 7047 8272 8587 4649 5139 9227 9219 6990 6659 7371 7039 9873 130 7966 5477 8178 2508 3724
25 2177 9817 2214 3594 8837 9216 708 1377 9422 8944 5375 9979 5101 67 9085 7502 8972 8764 983 1117 9022 6111 1470 8375 9320
25 9740 3515 1400 698 553 9895 1041 2088 161 1078 6984 571 5410 5440 387 7529 1731 1148 2138 1263 62 399 2041 8425 2699
25 5254 3903 9836 2173 3363 559 4141 4365 1594 1195 8154 1155 8724 7029 1349 7841 2201 1420 2506 3128 2365 4922 3628 2395 2424
25 2541 5169 7410 243 4735 1813 5516 9119 1905 2769 8875 1661 1522 7944 2504 746 3025 2802 3302 7060 4955 7321 4681 3707 6556
25 7458 5557 9760 8885 5181 6005 5941 9230 1927 2855 9268 4724 1629 7958 2994 1638 3456 2971 3648 8539 7411 7349 5061 5200 5996
25 1785 1652 4122 2645 1252 6873 6303 916 4322 3004 2903 612 3101 738 4726 1782 3753 6040 3807 9185 8123 8308 5244 6071 109
25 5975 3530 1849 2933 2790 9380 7799 1930 5190 5052 3593 1004 3902 747 5636 3290 7618 6110 3987 9368 1234 3080 6307 6956 523
25 3729 6430 8949 5763 4625 2809 7956 2127 6752 6474 7591 1741 5805 3082 5882 9543 8450 6950 4562 22 4910 3105 7389 9730 6579
25 3367 7778 9313 8936 442 2852 8150 3359 8927 8058 8510 5943 6357 3743 7646 3361 9091 7746 4912 562 6138 4297 5009 6179 4806
25 8000 9986 1709 9083 1660 3788 3632 3735 1495 9089 4472 7058 8124 7644 2859 3601 490 8930 8351 682 7812 6082 5552 7369 842
25 7655 2269 2876 8564 2889 6877 1568 4003 2415 9904 7690 8040 8366 9043 5466 3678 2349 9134 186 1740 214 6194 5769 851 521
25 3086 8958 2735 210 3256 7633 2865 4427 4017 176 8453 8514 8768 9139 5507 4111 3596 373 650 3636 1387 6906 7083 3873 4023
25 5573 6484 8334 4286 8851 7898 7291 6093 9010 217 9657 416 1325 9319 6012 4429 4797 1716 2701 6167 1988 7593 9265 5822 391
25 5985 8946 285 6133 1565 272 1298 1868 2011 4193 9930 1268 3717 9640 6237 6593 4809 3238 4943 6494 3518 9981 5165 8267 7447
25 4604 5851 1615 6465 1919 4224 2740 6875 2131 6064 1238 1476 4602 866 6673 6771 8309 4853 5924 8368 4187 5149 5468 5565 9086
25 8422 7280 6173 26 3468 7031 5829 7397 4159 8755 2987 1888 5460 7648 7485 981 9340 9584 7653 8470 4999 6029 5854 7022 9195
25 2265 8031 6495 539 9547 7192 654 8931 4995 9699 3234 2402 6278 8257 8039 1338 796 182 7660 2458 8574 6505 6590 1063 5566
25 8758 2166 212 8509 105 8745 1858 10 5831 482 9711 2826 6356 9777 8703 1498 810 3162 8074 2604 407 7287 8582 3658 6395
25 2099 3552 952 8891 2815 601 4169 513 6118 5314 9728 5546 1235 9940 200 2542 1168 4315 9704 3801 1165 8125 479 4478 6546
25 8111 905 2998 9997 2819 5338 4915 959 397 5386 2264 7317 2440 1335 302 2985 2419 4750 9719 3913 3876 587 3781 4870 485
25 7862 4493 5334 4212 4340 6822 6157 3759 487 8608 3954 7933 5678 1477 4289 5451 5387 5085 9918 6770 4246 858 5175 6689 5195
25 9913 8189 4572 4687 3680 614 7344 4626 3426 9441 4363 5710 7021 1865 4480 5709 5560 6275 1696 2143 6236 3309 6347 6842 6296
25 4321 7997 5171 4840 6452 1831 2133 6756 3642 4371 6203 6468 8399 4821 7175 6326 8098 6660 2140 5591 7272 4085 8575 2307 3336
25 4048 8830 7020 1354 7023 4815 4355 8122 9278 7466 8694 9671 8548 5885 8465 6870 8910 7683 4667 6719 7402 7907 791 4452 6115
25 1002 7771 5346 2405 9861 6792 4720 242 164 8716 9157 287 8601 6414 9094 7016 1574 139 5319 8901 206 9446 4130 7323 8521
25 2751 1021 6244 6687 470 8004 5087 448 1986 860 330 3052 1052 6931 1309 7547 2040 795 5768 534 1452 2158 5921 7481 396
25 3193 3504 9608 2342 561 774 8821 4309 3825 3481 718 3797 5701 8420 1648 8429 2973 1029 6900 4211 1870 4978 6806 7541 8499
25 89 7680 3292 2966 1697 3748 2364 6832 4089 6393 3549 4149 7642 989 3372 630 4589 3969 8545 4792 2274 6982 7133 44 7750
25 9449 9055 831 4174 7248 4128 3117 8451 4298 5750 3551 4189 9743 1480 3979 721 7574 4425 3639 5065 4509 7573 8131 4377 5966
25 7376 1642 1992 5830 8672 6059 3137 9561 5918 6003 4640 4741 111 2814 5666 2578 8105 5068 3930 6192 6890 9876 8960 5620 8236
25 233 4177 726 7019 9058 7577 5917 1397 7918 8299 4647 5114 465 3891 6940 3283 9099 6266 4287 7185 1134 145 9388 8163 3894
25 8878 6740 776 73 9599 8413 6891 1765 254 2916 5640 5352 2331 5725 9189 5023 1182 7378 4334 4574 2526 897 7424 2938 1896
25 174 8048 4205 1703 2428 8678 7727 3300 1436 3012 6344 7401 5700 6860 9574 5659 2536 7781 4780 4778 8225 1188 9009 3378 3401
25 6745 4373 5211 2749 3210 1409 450 7503 2869 444 8651 9015 5759 7445 863 7409 2708 1173 5029 5270 2141 3373 1048 3814 678
25 3288 6060 550 2773 9615 2246 1939 9324 5370 2244 9399 9400 6391 3452 865 8197 2831 3045 7539 5746 2559 9871 3328 4855 7818
25 1143 884 6256 5094 9741 3478 2016 9587 6135 4623 1020 411 6538 4822 1873 9442 4201 4418 7791 7708 3602 4512 4544 5013 848
25 5562 9737 6259 2004 6146 4042 3327 4929 1957 6925 1093 5285 7333 7565 3836 9691 1337 4498 9443 9254 5079 8781 7128 6358 6196
25 8994 4005 7816 7036 6325 9989 3681 5201 3119 8229 4332 9433 7916 9841 3939 414 1552 6767 9724 9490 6439 901 8002 9144 1312
25 5742 6298 8667 324 1342 850 3835 5628 6929 8903 4455 9915 8616 3550 4725 1230 4583 8176 672 9837 6651 1644 9036 9604 7063
25 6744 8035 1430 928 5248 1253 4639 6051 9445 1961 9052 9957 1089 6865 5342 1576 7324 1801 735 1534 8698 1681 2272 3606 4031
25 4352 6397 1428 3396 6424 1092 5463 9130 7729 3029 1472 9965 1745 543 9941 2631 9339 3218 1429 7517 9643 3815 4969 3761 8531
25 9864 600 4175 4788 9567 5674 5572 1090 1393 3704 2373 2941 2345 1496 2029 4638 3546 4946 1580 9272 171 3866 6635 5323 5128
25 7432 7314 6274 6301 4496 8199 5634 6677 4061 9373 4664 3255 2410 5446 5443 6277 4567 5790 3554 9595 642 6796 6876 9937 3931
25 2669 4470 7630 734 4973 9062 9112 6922 5167 2401 6354 3955 2610 138 7751 6353 5875 8383 5046 431 6490 1719 5351 7418 8577
25 5281 3580 1947 2096 5306 9444 354 7943 6555 3071 8579 6588 4370 2104 9276 7322 6227 8457 5587 3983 9419 3951 7949 8630 9096
25 1206 5343 3232 6214 5834 54 4968 9847 3447 5993 9221 7786 6964 2469 1451 7912 8069 8990 6189 6171 5939 4601 1179 9334 1653
25 4948 9403 3277 1341 6046 2629 736 1628 4087 6106 9302 2519 8542 4579 1558 8328 3695 9404 6292 6289 8269 4682 3139 9429 2874
25 7383 4636 5920 7859 6363 3791 6976 2052 8943 6202 9333 3405 1708 5508 2303 8873 7145 1434 6586 9316 2505 5538 4094 2784 3851
25 1695 5864 1940 3512 7516 4977 1634 2940 944 9991 340 3466 1861 7246 5609 3177 7294 2153 6818 8022 8415 6364 4598 2892 8710
25 2717 767 4172 5637 9708 6445 2926 3590 1487 2017 3567 5336 4354 833 7126 6063 7694 3666 7571 9106 8607 8093 6436 3786 3316
25 9049 2619 5887 78 1435 1722 5648 5258 1737 4020 5992 7798 4389 1514 7372 8894 102 6628 512 9165 8742 9536 2704 6163 1019
25 9579 203 2523 985 5820 3651 6766 6898 2731 6230 9906 9413 5012 2959 7987 2565 3267 8116 945 9870 9626 2601 4669 6743 1288
25 3705 881 3740 2240 6576 1564 8270 8354 3640 7979 595 2207 5265 3385 9277 4057 3747 9666 1084 667 162 4300 7538 20 4408
25 7379 3536 8493 2263 179 5401 8418 9299 5031 7980 950 2229 6077 4139 9591 4591 4771 2175 1373 1099 232 6811 8993 3203 9204
25 1194 6072 1949 5320 1654 1026 1058 5024 7906 9366 970 2248 6343 6174 5651 4677 5252 2438 3095 1201 4304 7370 9150 5183 7865
25 5919 9301 588 2509 6972 1875 1086 9053 9807 75 3899 3375 6396 7666 7307 6137 5487 3577 4124 1620 6944 349 3331 7839 6704
25 8599 9256 5021 3611 8056 1879 1816 5530 1241 700 5420 4009 443 1804 7785 6613 5783 4229 5321 1784 2020 529 4553 1796 8261
25 4836 7152 7782 5223 6251 2115 3092 6313 1299 3174 6955 4053 1189 2743 2537 9612 6785 5403 5888 2062 2238 728 4882 3626 757
25 768 3430 8857 6817 5178 5730 8248 6432 2512 7530 7863 4164 3016 4756 4745 2423 7365 7357 6100 7207 2273 1247 8763 5249 930
25 9489 7936 2056 7476 6994 6264 8387 34 425 9395 2347 5804 5218 342 8905 7001 9066 7717 7696 7780 4225 2044 3843 6469 3244
25 1037 9090 2630 7627 9102 7399 1394 418 2744 1556 5743 6948 5447 2275 9564 1827 168 7982 8706 8855 5715 2294 1483 7221 9510
25 8546 1289 4078 7657 633 5066 2783 3253 2788 1853 7823 7096 9093 3500 625 3011 175 9525 3172 909 8869 3817 3182 8648 1293
25 4065 4727 8620 9664 828 5960 4198 3613 3413 1904 2435 8358 9549 5083 2366 3189 3089 250 5025 1583 8883 7177 4203 8984 3862
25 6600 5593 7497 815 3211 298 4835 7070 3686 3384 4605 5208 9838 5427 2657 3226 6737 655 5081 3148 394 618 6857 480 3053
25 908 2825 3116 6501 4758 2284 4967 1073 5092 4001 6346 5807 9863 6211 4979 3463 7562 5647 8103 3674 2641 1686 118 3141 1767
25 211 4802 7329 9883 6405 4258 6074 3079 7533 4116 7597 9148 2457 6993 7415 3665 7832 6210 616 4303 6383 4462 3963 5927 3573
25 384 7561 9810 8448 9856 4934 8917 3719 8021 8595 9867 9606 6897 8816 8795 3765 299 6667 1103 5600 9727 5716 4742 6909 8005
25 1269 2615 2026 6618 604 750 1802 5236 8271 9051 2215 4710 1167 9282 11 3819 516 7656 3353 6730 478 9035 5860 660 6338
25 5914 4774 6644 7659 1806 1486 5582 5450 8782 1627 2374 6983 5527 365 1055 5096 1471 1698 3777 8502 2398 9522 9947 2662 4740
25 389 7270 7380 558 7789 1891 965 6038 9553 1962 3005 8181 5704 2885 3183 5752 2150 2632 3946 9416 3003 9759 2113 7232 4783
25 3767 9504 8341 4261 7884 5684 1766 7226 3766 7413 3099 4 7044 2947 5529 720 3437 6485 5042 9610 3352 2958 2137 617 6030
25 3161 6480 155 5652 8218 6078 2203 2353 5625 8265 4388 4529 9500 2953 5595 1141 4250 6642 7204 541 5681 4206 3069 1497 2635
25 7600 81 194 7069 8739 6580 6141 9457 5745 65 5870 8756 290 4746 9892 1890 4407 8853 1614 596 8262 6162 4067 2314 5947
25 2944 7635 2454 686 1894 7340 8019 9581 6736 1112 8349 9384 333 5839 5455 3392 1575 704 3269 1774 103 4805 6316 621 6329
25 3272 3311 6616 1034 4364 8325 8426 869 8323 2184 9673 2182 1128 6472 5655 3808 5278 1401 4764 3026 2646 2228 3616 646 8834
25 7196 4492 9160 1303 7352 1895 9718 2439 3102 2447 2755 2316 1317 972 5729 5731 6080 2895 9033 3961 7961 4933 7111 3070 2090
25 4523 2954 1326 1542 4431 5650 1646 4937 3223 4747 6188 2772 2082 1967 8919 6257 8403 5329 9554 5310 9450 7545 7975 6390 9982
25 4390 2581 209 6116 5489 3322 3042 5599 4693 5359 1913 3881 2712 2496 283 6542 8642 7123 577 7554 253 725 9248 6934 8479
25 5245 474 5693 7319 8447 4752 3213 5624 5686 6221 3449 7004 2897 5445 1392 9001 224 7469 824 281 359 1220 4896 8112 3795
25 3252 7501 620 8538 9321 6042 4207 805 7722 6557 4117 9172 5760 6411 1720 4270 910 7894 1261 2408 544 3886 6533 9953 8530
25 2981 7815 946 5373 2844 7334 1432 4071 9037 6903 5596 341 6151 7991 2472 5360 1374 8151 3192 5744 5510 4545 6854 1630 9720
25 3028 2747 9943 4380 8862 9505 2334 5159 28 6953 9688 4582 7840 8085 5129 7072 2227 1109 3579 6718 8164 5951 1632 1971 3912
25 9451 4135 7195 5176 9135 2061 3180 6134 2327 9700 875 6378 2839 8220 5631 8132 7414 6656 5189 7724 9378 7406 4103 2829 7509
25 1015 9897 7342 2406 3014 2937 3345 2042 4766 1475 988 6716 3974 9491 5755 8435 8714 7969 7977 8854 838 8826 9825 4867 3270
25 2359 7971 183 7094 6603 3919 9143 528 5132 2730 1570 1287 6605 9531 9775 9683 8835 9916 8882 5251 2213 63 5695 5027 4837
25 4450 1513 5152 8566 8158 8805 6859 1490 5733 6577 1981 2093 7895 9641 974 2024 1290 1054 2387 6144 4696 273 8146 9224 8690
25 8433 8520 7368 7102 1464 9512 7130 2596 7790 8693 5995 3785 628 238 5435 5986 3486 1172 3800 7034 8617 917 8725 4866 1507
25 3751 2074 3296 9146 6035 9607 9751 5400 9431 9524 447 5682 949 932 5739 6339 5267 2837 4036 7172 9088 5526 9045 6629 2841
24 2007 3315 5272 9295 7259 3393 2444 1231 317 4406 1982 5748 3775 1003 9773 7129 3254 3793 7721 8443 9959 6707 472 8533
