29 3663 4669 7788 6447 3879 3377 3012 4998 1328 9169 3160 4183 672 7987 2404 7015 1760 9628 9843 3945 4861 7824 2937 13 5165 3523 9017 5926 9882
29 4780 6765 9688 9654 6865 6402 8014 991 1560 631 3369 4242 1679 9068 2926 9387 1780 9866 1796 4668 5709 9888 3098 1323 6185 3659 1864 8746 250
29 2634 1454 878 1296 970 8129 488 3668 3827 640 6965 5191 4720 9142 5141 1653 2812 3700 2226 9337 5835 228 4062 3567 9426 5887 6868 3193 387
29 4032 4602 4099 4343 3453 8640 2540 3768 6864 3051 9683 5769 1197 145 6638 8481 4830 5088 5186 116 215 858 2510 506 1145 4045 8345 8361 8898
29 2174 1822 4375 8204 5382 4240 4497 3900 8045 3637 3038 5826 3046 2921 424 787 6202 7773 6594 1100 2253 3468 8229 1896 3506 6878 1790 8659 2923
29 5221 5478 649 7151 7530 7230 4612 4644 9231 3641 3935 8967 3235 3302 1248 891 6983 8378 6879 2122 3956 4088 9449 2385 5095 7527 2699 9985 4395
29 3171 551 5390 8765 3503 9029 5078 5505 2589 5101 6199 9458 5005 4573 2813 3393 7833 8676 8695 2997 4739 4567 786 2573 5873 4991 3219 1272 5675
29 347 2417 7368 4686 5350 4386 6021 342 3858 6568 415 500 5545 6695 3707 3646 9217 9237 9314 4187 4854 7731 5908 3466 6863 6498 7644 7603 1670
29 2882 7324 2549 4574 7471 6027 9178 3980 4963 8995 1126 1240 7080 7232 3901 4979 384 9712 1768 4462 5892 9415 6559 7810 9039 6668 7801 1076 2166
29 8729 6957 6971 5961 1611 6687 4336 5061 5728 8300 5249 3472 7376 7744 5732 5586 2121 1403 4631 7311 8505 178 629 8181 9093 6693 8223 2272 3218
29 5002 1788 41 6806 2370 7479 6414 6026 5749 3565 6730 5159 7458 9164 7936 9531 2363 2598 3726 170 9375 2853 1418 9398 1516 7700 9270 5658 7076
29 2484 4222 4074 7312 6701 9347 6567 6676 6022 5181 6804 5208 7672 1297 1836 413 2669 3730 7978 523 9666 3264 2653 1349 4999 1091 1839 7743 9430
29 3417 8409 2120 1504 8633 1535 6637 556 6235 8605 8001 6149 9490 1655 4699 2200 8753 3772 1906 1394 9692 3564 4209 7062 5624 1617 1862 286 2266
29 8833 7056 4454 4270 5741 2011 7821 1633 8067 8856 8463 9394 487 1745 5255 5898 119 6407 2091 4177 65 5247 8092 7852 7445 3722 2075 2179 3622
29 2796 4943 8804 1566 5878 2289 830 7728 8921 8073 708 9505 1263 3767 6749 6041 582 9980 2642 236 1671 7944 8493 8986 7447 5818 379 6219 3888
29 6975 5496 9187 8329 6492 9341 1156 9265 9104 8983 2459 1677 1949 4326 1581 8829 1113 206 4236 4478 2024 8374 77 131 7722 5875 3904 9313 6461
29 2280 1718 1478 6509 7303 96 3200 9446 9864 1011 3092 2648 4449 6258 4038 1072 1840 599 4480 4687 4754 9013 1587 4097 705 5923 4619 1541 9174
29 8770 4776 4439 7055 7609 1570 8219 85 834 5107 4463 4265 6512 2627 5313 1658 1868 1381 5677 5766 5106 2616 3710 6842 2572 2761 6023 2559 9807
29 8135 6526 4566 8193 7681 3318 8296 75 2312 6070 5017 6293 7639 3554 5446 2714 484 1773 6327 7012 8213 2789 6733 9123 3314 2917 9509 794 3949
29 8941 282 8672 4426 5184 6254 2807 318 2922 6418 5272 7665 594 6634 6411 3865 1599 4220 6427 7043 9433 3083 9771 874 4380 3975 3111 2097 8320
29 3173 1577 1977 5139 5356 1736 3500 1522 4909 9461 7455 2554 2593 8830 6702 4811 3261 7610 8818 7811 9833 4903 3665 2023 8553 8011 4313 2340 1451
29 1181 9736 9918 8840 7885 4924 1884 2275 7125 2525 7502 3371 3085 9047 1857 5680 3862 8931 6928 7993 142 6655 3854 2284 8610 9175 4357 9146 4661
29 8887 1961 5627 687 9893 1027 4814 8667 7214 5425 667 3674 5324 9401 7470 7898 4738 391 7586 9042 302 7122 4906 6120 1031 2861 5602 707 6584
29 1875 7364 6221 839 511 6230 7444 441 7679 3838 2749 4328 6845 3118 9052 8663 5373 2456 1122 9902 2777 8438 7226 6532 6321 7579 7396 1273 6883
29 7009 9643 6761 6812 2116 9379 7583 2261 9205 4288 5215 5633 7027 3217 1095 1040 6737 2901 2219 642 6082 9742 8164 8866 6902 7646 8710 3985 658
29 1215 565 9983 7923 3570 7379 9610 2667 5560 6572 5461 5639 9569 8685 1907 1820 9726 5012 2420 734 8880 778 8247 593 7831 8764 8832 5056 679
29 9841 942 9762 814 8341 664 57 2700 7661 97 6264 5805 7118 9235 2422 5347 1883 5397 5628 5155 9420 3527 8916 1918 8187 812 9596 7784 4483
29 2216 4094 1697 3769 8738 820 1153 6131 8586 670 8338 7713 7369 1125 2736 6128 3814 6381 18 5838 9546 3843 37 1997 8912 2079 3442 7812 5069
29 7804 5578 3647 5813 1731 843 1298 7243 1228 1190 9186 411 9144 4486 4346 9788 5364 9306 1227 7627 735 5019 4658 4593 9308 2541 3754 8094 5366
29 2925 6435 3750 9954 5014 1209 4327 111 2618 6059 1333 1185 9701 5569 9012 1214 9801 1835 5400 8978 2168 5274 4717 6124 9770 4674 4966 3969 3798
29 7899 9919 4118 512 6098 1505 5179 630 5610 6608 4144 2108 9768 6658 9759 3372 28 3245 8644 9473 2952 8475 5210 7908 1751 7085 5942 7138 6217
29 5016 6673 3800 1081 3352 1955 6515 1510 5849 9163 7569 2844 521 2172 1583 3557 1039 8583 9106 1351 3299 9063 7130 9033 2703 4040 8316 7254 9970
29 4757 7490 6768 3078 4365 2488 9358 2198 3791 574 8860 7419 3014 7941 2821 4096 4876 375 890 2203 5202 6610 8647 9685 3064 4231 8588 8118 1921
29 1743 8095 7417 5245 5485 3573 4356 3367 6251 770 8940 8828 3630 8065 2848 4967 4965 2626 1740 2889 5690 9056 9221 316 3141 6818 9220 1184 6581
29 8189 1352 1387 6968 6696 6589 4611 3404 6307 3346 9278 9211 5448 9941 4237 176 7047 2969 1794 4835 6940 9469 3504 2792 3150 7181 9904 4743 8561
29 123 699 1589 1749 8984 928 8004 6315 8202 3448 532 9366 7068 2026 5534 690 1026 9275 3137 6188 7110 510 3931 6587 5480 9099 5725 3119 8694
29 5536 6578 5479 3727 1162 3587 1236 7155 9921 4164 1692 9758 9395 3521 5541 982 3335 2470 4198 7039 9258 2884 4552 8161 6038 9799 9227 4111 7142
29 7563 7591 3548 4860 3007 3933 1753 9262 1114 4549 2084 1038 2037 4884 6063 1196 4629 2480 5253 8422 9938 3312 5008 2144 7274 4705 303 6005 8716
29 5360 9222 4305 5506 4161 5762 4558 161 2482 4713 2658 1449 4274 7139 7902 1872 5063 3031 5726 9343 950 3954 7494 2285 8441 6326 3162 5222 724
29 4490 9026 684 9109 4670 7774 5214 542 5980 5965 3399 4800 5194 7986 8117 3692 5440 4797 6370 2496 1869 4321 7577 2493 8538 1080 5483 8385 1995
29 2729 9545 5583 2245 8122 8215 8254 2787 7463 6250 5540 4990 5551 544 8233 4347 8556 7351 7913 4267 3073 2124 45 6158 486 6672 9751 31 3748
29 1910 598 6215 4433 578 1905 1776 3545 2194 7398 8602 8042 7510 1912 8550 7302 1725 846 8294 4600 2512 4069 2500 6576 1371 3492 1036 1987 6255
29 3853 1103 7363 7870 3276 6623 5843 4031 3576 9764 8679 8974 9464 2477 9224 8108 1934 996 9445 6075 4843 6888 4168 7453 3598 3533 7096 6599 6851
29 5418 2916 9318 7234 5085 6679 5871 4946 7817 2565 9928 9092 1049 3069 9319 8328 3183 4778 744 7205 4995 7799 9244 9591 3629 3803 9349 2708 2237
29 3430 5058 2329 20 7196 151 405 5619 8595 4751 230 9623 7984 3649 9573 8702 4295 5206 1543 8356 5352 9459 9731 3996 3653 4857 4250 6263 5498
29 4105 9550 2801 8413 7741 1609 535 7935 8821 5563 423 9644 8197 4472 309 293 6642 7020 2533 9305 8199 1367 425 6449 6595 5814 2446 3836 6262
29 9823 2195 2824 2391 7751 3741 3186 138 1447 6755 4690 3062 9853 7385 1412 1279 7886 8902 6356 9367 2732 2834 1088 7584 8503 7265 4354 6558 9576
29 1216 1098 3810 3216 1237 5180 4541 869 5344 8425 6371 4896 541 7589 2864 1317 8513 5337 3362 9677 4047 3328 1557 8099 276 7590 5368 6562 3435
29 3508 8418 1061 6377 1874 5775 388 1042 7523 8990 9342 5004 627 2403 7217 1544 8904 6931 6973 478 5493 3596 2330 8309 2305 1246 6239 9528 8446
29 8476 4487 1859 8081 5527 2068 389 3494 2008 1926 2069 5635 1161 4500 8261 2675 494 7058 7828 693 9825 2010 2710 1554 3010 5939 8760 1082 5756
29 8027 7223 3152 8918 8206 7023 673 5823 8021 8874 9437 7111 3593 7726 8576 3114 1847 7807 1405 1422 1568 5883 3776 3677 4131 7261 8960 1634 2473
29 2182 9300 2439 9161 9926 766 1739 7178 8121 9085 3607 8050 5432 370 9202 4945 7145 8031 1431 2963 4829 6457 6994 8083 9390 297 677 4645 6161
29 4410 1413 6304 9179 3184 1665 3120 9631 1799 550 3708 623 7504 757 9518 5503 7382 3846 4582 4481 5566 9630 7684 8774 1590 6692 906 5051 6759
29 5216 6152 6305 1293 3868 2780 8052 9899 2927 2078 5200 2414 8253 783 9739 6301 8391 5146 7407 5283 6087 9803 143 23 2304 9744 1148 9159 6988
29 6754 8462 5750 1648 5575 7872 8788 294 4248 2320 7633 3689 9114 1430 9978 7454 8713 7730 7548 8779 8353 1321 2461 908 6115 9822 1569 5785 7547
29 2444 4782 9 5415 9455 8059 5240 1701 1254 2990 7892 4152 1675 3232 122 503 706 62 7837 3268 9348 1644 2673 1800 7416 214 5024 139 2633
29 6190 8728 2263 5869 9660 9435 6717 5507 2118 3513 4320 7325 2077 5278 253 1165 3174 1419 898 4457 9600 2053 3379 3223 8730 1607 6389 268 6942
29 4694 1341 9389 7267 2352 3023 7575 6431 9241 6910 9162 7509 2856 5737 1668 2481 4004 2451 1393 9805 2694 5112 4707 4916 2346 2393 7088 933 7024
29 288 8798 1292 7647 1538 5882 8601 6893 1814 8599 3953 8964 4722 9495 4163 2646 6892 3476 3017 586 3199 5520 7747 6103 2836 6424 6406 1141 6399
29 8346 3464 3512 8744 4724 7172 9503 9543 2934 295 5622 3845 4781 9564 4534 3044 9465 6445 7212 1146 3308 6807 7781 6300 2878 7460 9820 2327 6694
29 5631 2096 8075 8955 7805 9536 7528 1285 6197 3387 6781 9878 5512 9781 7763 3361 1942 8628 9946 1183 5547 137 9775 7275 6358 8082 9897 3185 1189
29 7495 4079 148 8977 8008 8237 46 1960 410 3738 7290 4043 5591 320 8115 5879 2734 3382 1112 1303 5801 371 900 8468 7154 508 2968 3227 9554
29 6619 5304 7566 4318 3394 89 2222 3615 659 4052 7981 4530 7332 993 8903 7287 3187 4350 4518 2051 6841 8093 995 1457 1401 1970 1438 5142 1400
29 7568 7094 9095 5296 5449 290 3737 4660 3923 6871 887 5034 7712 1792 9611 9066 5003 4817 5761 2235 8064 9868 6404 4910 5850 6722 1486 3419 5562
29 281 3157 4115 2632 8755 8651 3982 6551 6132 8522 892 6207 352 2418 2297 9691 7284 5083 6222 2721 1461 323 7420 5877 6984 7034 8355 4901 5663
29 9525 5531 5099 4508 9935 8793 4010 8172 3673 686 4398 6535 1366 8688 3075 165 7497 5579 6961 4387 3834 2035 7787 6016 7075 7201 9895 6319 2076
29 5232 173 7676 110 800 1594 6436 164 4930 8408 8888 7135 4150 8003 4570 792 9453 7951 7524 4465 4239 3499 7928 6790 8158 9676 754 6849 9059
29 3358 4820 8264 6725 5398 5781 9637 1280 7629 1600 9083 7839 8365 8203 9246 1586 6752 9345 5994 8533 8742 5475 9209 8994 9359 1990 1108 1421 3212
29 7521 7607 9190 1194 9131 9776 1674 2600 9808 3413 8665 8153 821 7 9577 2038 7851 2692 7749 8698 9007 3801 314 9242 396 4082 5885 5227 6456
29 4819 9891 1802 8275 7669 641 3696 3542 2014 3724 8 9563 1109 1785 9952 2806 9422 2932 283 9431 9720 4255 3019 704 782 8938 6873 7638 838
29 1073 1575 1865 6534 8287 5254 4962 7116 3856 4057 2281 240 9060 2609 2545 5000 1350 3329 558 4796 2412 7152 3648 4855 1093 2441 7541 9657 4719
29 947 6697 2351 1312 7240 9307 7651 8404 2202 4812 2873 3601 401 2966 2809 5080 1798 4918 1521 5022 6609 8621 3830 5673 1362 3522 2550 9870 6089
29 7065 689 2668 6280 9989 796 9488 8629 2814 305 2971 6571 1120 3563 3693 6441 2339 5251 2630 6382 7112 9942 7210 5999 3349 3947 2603 1257 7966
29 5685 736 6750 816 3728 1375 2664 468 4335 626 3403 7211 3355 4424 5345 6921 3675 6298 3586 6550 7174 1497 431 6775 3895 1260 8442 1466 7955
29 8626 4355 4208 7372 5365 1696 3785 1854 6119 6953 4821 9263 6735 5718 6143 8593 5385 513 4667 6848 7435 2647 2638 1202 3927 2678 8969 5212 6448
29 4594 9108 7319 4058 1128 3535 5774 8590 6343 6960 6734 9670 7441 5907 103 8773 5833 3496 1124 9621 8358 6533 3682 2244 4060 4659 1276 6093 8019
29 8218 9311 7869 5634 5997 4560 9903 9697 8546 491 6920 2421 9125 8126 409 26 7113 4113 3265 2081 1320 7628 5589 7640 4509 5086 2832 6926 4517
29 7553 3102 7917 7581 6727 4904 2784 9840 8890 2132 8506 5916 1087 9069 870 530 7462 8297 4511 3236 2491 9575 6744 9180 4807 6885 4165 613 4933
29 9214 6552 3004 3384 8835 177 7498 3973 5727 2407 3926 6814 4921 495 3930 2425 8842 8930 6739 3520 2695 829 6824 9249 4905 7093 7371 9925 9289
29 7533 7621 8225 5257 3569 978 964 6905 6630 3181 4196 9586 4983 1045 4262 4406 1597 1210 7269 4068 7133 861 7054 1588 5235 8177 9614 2254 655
29 7310 3723 4752 5812 7897 5013 2455 7004 9151 5959 7253 1492 5986 2879 9021 6822 2978 1253 7535 9410 7599 1123 435 2338 8155 8214 9832 2529 3104
29 516 4859 7659 6525 8789 6583 3147 9979 615 6323 201 4954 6615 4624 9934 8314 3546 1927 8192 3330 8615 1468 1284 5599 937 8607 567 3938 6372
29 6338 8542 9659 6577 559 7285 3993 2036 1175 8687 854 5576 7386 5050 790 986 8619 2860 1561 8917 2150 2635 1895 5773 3526 8620 915 4171 7031
29 5292 167 3122 260 1485 7819 5422 2430 3258 2276 1787 6545 9352 336 2197 1818 9766 3612 1871 2277 2336 3807 3771 5859 4136 2568 7307 5113 402
29 3397 6295 5463 3142 3633 9434 8037 3590 4077 2791 3812 7102 9901 499 2571 4216 1537 4055 3894 3917 2465 5830 7818 8224 4238 9274 2596 9197 5033
29 5513 1261 8574 3378 5860 6900 9756 4536 4202 6825 6925 675 2544 2610 3027 4466 2052 9844 4872 7347 4403 9567 8024 5983 5958 4219 4191 3537 2248
29 1598 6032 2984 3802 9167 514 579 4934 4926 7539 8266 841 3515 2691 6353 4652 2406 3713 5081 4149 8257 27 9842 377 2566 5217 6579 8495 7377
29 2382 9482 4764 7656 9493 1084 1160 5874 7849 931 9076 1130 4210 4458 8613 4747 3229 4034 6908 5030 2381 403 357 1315 7766 7071 1954 9814 587
29 2260 5045 6415 2711 4112 1742 2910 6934 8509 4189 2696 1578 7792 4617 9727 4947 5940 4693 7002 5183 4178 1765 1186 7087 2790 1683 3168 2271 4373
29 2930 701 2719 3701 5329 2073 3684 8352 4056 5641 602 2690 9282 4953 126 5643 9215 6468 696 5367 5291 3474 2709 8472 5447 2670 3841 5018 427
29 6932 1629 661 6504 7752 4245 4412 3074 4623 5731 2298 2858 455 7202 166 5925 5261 6537 1481 8616 7826 6194 3929 2557 5584 3306 4379 7552 902
29 3320 4564 1533 1435 9749 1188 7000 4461 5192 6303 2833 3734 4025 7748 437 7754 6423 8946 3562 9949 8987 8414 3952 2935 5706 6368 4744 635 1950
29 213 811 3164 3252 9862 3718 9440 7350 6499 6706 2867 6922 4374 9346 1055 2445 6446 9836 4188 134 3071 2302 5719 3112 7209 3016 212 2104 2501
29 636 883 6213 160 2987 5307 76 7863 7218 6913 4996 7862 4388 949 7215 6681 8796 24 5443 368 3529 2521 6894 5481 1097 7124 472 5115 5454
29 7956 6471 2846 2871 7613 5713 5042 3228 7276 7740 5199 1654 8101 4792 8618 8176 2852 4769 9057 1150 4708 6272 8767 5900 3778 7466 2392 5755 1274
29 1902 4297 6145 9856 2520 3066 439 5271 9406 3840 7482 3481 4122 6416 8802 8357 4840 3774 1173 1693 7480 6791 8922 6677 5792 9296 5263 3999 7768
29 5280 6976 6249 9937 4229 7945 2716 8312 9516 5494 9037 4556 6184 8600 1000 726 4982 4445 2995 1885 9838 728 9260 7446 7630 108 8985 5374 3238
29 7100 1702 64 446 3334 8156 3869 3105 2920 6924 9192 4735 6196 9544 1944 2249 5105 5744 5707 5702 1555 2471 1437 4024 9181 1545 9316 5656 2620
29 9043 7105 4446 98 5130 8429 7017 3425 7157 8942 9565 6104 6801 3188 3706 2759 5124 5763 5724 9022 3439 2617 5395 7272 9612 1722 9655 8076 9976
29 8380 7237 17 4029 6169 9141 9070 493 848 9280 1014 7242 6827 3656 4101 5876 6502 9684 6995 938 4852 3438 8819 8160 3175 1766 5884 9424 7166
29 568 8178 1614 5554 7028 1558 9189 2657 910 362 3808 7288 6832 5300 5209 6320 414 2007 8826 1903 5129 7850 1022 5160 8070 5771 5919 9460 3733
29 9377 9633 6168 6279 8794 3008 9450 8295 4154 1982 4036 8250 7381 8010 5653 6361 1547 2976 454 1939 5765 4563 1717 5757 9517 6408 7472 1690 4928
29 5956 9519 6719 7336 9233 7433 893 3021 7097 5585 6785 1881 7430 3043 7855 7341 2142 3925 720 2462 7491 1281 4100 9293 136 6728 9541 3125 9767
29 464 4815 8113 4675 911 2778 1786 3310 584 8704 7159 1952 9084 3896 9809 7959 2423 5927 798 2896 7655 3813 5791 5094 1299 9463 4870 3374 329
29 9200 4940 1396 6252 2273 6045 4883 7067 903 8991 9615 4319 147 4366 9923 8582 3148 5985 857 3307 8097 4989 9277 6546 2585 4093 6299 4912 2438
29 7682 6438 3821 9071 2576 6636 2915 7550 2257 0 4484 4599 2988 6116 251 2178 3640 6269 1270 3943 9234 5038 601 9968 2713 4808 8523 2950 9702
29 5275 1050 4133 4638 5495 7937 2946 8861 3979 859 4590 4936 4864 7099 3151 4030 5667 6847 2602 5060 1602 5760 3666 182 2782 5246 538 2060 1168
29 5276 5678 676 8142 8722 1458 3322 9558 5170 2243 6459 5888 6364 7248 3965 4186 6442 1673 2865 1220 94 6715 4303 717 4339 109 849 2718 3995
29 1624 4881 2992 8234 2034 1811 7537 8432 5632 4254 8132 408 6667 8212 4803 4331 6536 8376 3441 3079 343 2012 6420 3360 4526 2877 1937 2447 9344
29 624 3600 3155 2502 2564 5284 8120 51 6569 6496 9046 3327 6881 8216 6538 5668 1218 8528 5638 4863 810 2303 2913 4960 363 3257 5915 4523 1932
29 2975 1917 6760 2737 2773 6852 6365 117 7022 9040 9510 5342 7738 8417 6684 5745 1684 8971 8812 6090 1494 2317 3703 9604 703 4310 7161 6111 9913
29 4083 4759 818 3315 3422 7061 6718 460 1963 2837 9694 8787 9598 9266 7473 8998 2308 73 4134 8217 2267 3517 6029 71 1440 4971 7614 6553 6243
29 6513 7910 3272 4697 7424 9735 2388 1529 5486 3357 805 988 9852 9370 9475 1830 4022 1041 7658 1956 2794 7697 6189 234 1856 7003 962 22 6125
29 832 8336 4017 4828 7709 313 2537 2265 2354 5912 3480 1416 2356 39 6237 6043 4349 1334 8862 2754 5243 7742 8235 1176 2495 7119 1649 764 7859
29 1078 901 7517 5470 9035 2234 8174 5389 4443 6880 4371 2443 2676 975 6789 6933 6738 3886 9264 4160 6956 540 8508 1824 6521 7704 1897 1052 4949
29 2702 243 7931 6284 1490 2562 781 9859 5057 475 6313 2725 4348 1834 7765 8470 7400 6171 3244 5256 1222 2247 8800 7160 6972 394 7109 5858 5567
29 4075 1700 3263 9884 7492 49 4614 992 8727 837 9414 4553 6363 4333 1064 9003 7432 6874 4528 6350 3385 4981 9020 1539 1667 3056 7925 6069 1988
29 5029 6606 3560 1129 1948 2006 4706 4109 2581 1878 2466 8430 7083 4664 3857 390 8043 7147 6294 6918 8331 5258 1035 5597 5062 8105 9080 4925 2531
29 5676 7835 1680 1604 3167 2831 6823 1268 3578 2293 2487 9560 7195 7438 8017 3849 8945 8071 6614 1258 5768 9392 4294 8248 6970 8972 9441 467 7418
29 8330 8363 3988 3516 5203 4042 2009 1470 4431 6987 2661 1266 8961 7481 8034 4299 4413 8280 7469 1368 6982 765 8285 1593 9412 1573 976 1738 7317
29 1032 954 9236 6964 5306 7026 2751 3958 4546 29 5040 1647 1029 7940 9695 4969 6107 8869 7546 1444 7127 4750 972 6483 1158 4195 1230 5711 2400
29 2891 5072 2850 7403 5865 9858 4190 5491 4927 129 8894 1678 2811 9881 3599 5788 9036 246 7840 2578 7187 4871 2740 6543 1791 5504 4368 7392 3037
29 2139 8684 3608 8805 8596 2101 5176 6238 7732 3233 836 3091 2862 9892 5852 8348 9139 515 8058 3770 8220 5043 5979 1916 2986 7177 8397 7857 6034
29 3045 1102 4956 9627 2947 2757 5532 6649 9150 4591 1758 4019 4818 291 7776 8736 1054 4360 9418 4761 8360 5252 9699 3937 5489 9478 1757 9041 7289
29 4533 8772 5742 6473 3960 3493 7903 6652 9652 5660 1971 5433 6139 977 9705 9782 2624 5133 9609 4977 9734 7281 9971 7337 7573 3260 9385 2851 7874
29 8339 9992 3911 7715 5674 7333 9354 733 3068 6333 2516 9386 6712 2726 9741 3614 3138 5338 2840 7320 592 463 966 8521 8324 6329 520 6992 6212
29 5201 3002 5754 8026 6663 8322 3278 1282 3681 9555 3345 72 6786 4206 1821 3844 3887 2032 4003 1464 1110 539 1269 102 8421 70 4839 3028 6475
29 8497 4442 2771 8370 9371 2613 3687 4342 9212 9718 5846 346 7291 6374 2686 7431 4002 3011 4475 2962 2876 2041 3763 605 444 399 8847 3058 2753
29 8485 9411 2106 888 3877 3766 4753 6058 957 4858 7867 2149 3585 7916 4316 1527 7025 3414 6181 5226 4551 2206 5229 2730 1255 939 795 4390 9281
29 473 6866 2467 2949 9998 7245 5046 2560 1762 5331 8098 4627 5970 9303 4430 1962 8924 4314 1448 6586 4671 2591 6101 1487 2654 2489 3087 5758 3717
29 1797 4866 2579 3794 100 461 5895 9133 3249 5526 1974 6373 9755 9535 4610 2513 9168 6859 3636 825 4879 3215 6102 1688 6917 3679 5553 4324 9957
29 8222 6542 3057 5021 517 504 6275 9939 4538 9745 3061 6617 9994 2015 3566 2518 9835 8337 8892 7759 8278 3657 6829 1842 6951 5509 5751 4725 6241
29 8302 6858 9269 6465 1079 714 6312 141 6826 4218 4499 7558 252 2029 6711 4279 3932 8739 779 1638 1383 7235 7929 5609 38 5550 191 5128 2536
29 2902 6796 1342 8469 2033 2211 9532 5592 3293 4798 1133 9873 4827 4180 7427 5218 6391 9079 1242 2517 1789 9291 9240 9073 3736 6767 1004 7947 7344
29 3891 6662 9423 380 4689 4264 135 5789 4095 4890 6943 9317 8761 5787 6334 5336 6597 1002 2450 2569 2765 9885 2611 9089 4789 7957 2215 9147 1208
29 4258 8440 2928 1631 1302 7439 319 6802 4146 6482 9391 9537 385 6351 7612 6192 7395 2437 3551 4809 3972 1965 7461 1710 4799 534 2698 333 7036
29 4309 799 3275 9024 6208 4628 3924 8815 2795 1946 4731 715 1283 7593 8240 6590 8824 4931 8732 5811 6726 3847 433 2268 6129 785 7126 2919 7204
29 8816 2442 1101 3525 2059 5294 6223 9494 4942 3026 6071 3013 2270 2494 8427 6612 229 5168 9001 6501 6915 5384 1336 3209 9931 3050 331 8718 1983
29 3029 7117 3572 8786 8876 7717 6359 231 5998 3829 6683 3939 2353 3691 824 7861 308 7983 9648 3135 7066 9097 5502 4464 9396 8531 5695 769 646
29 5715 7271 8032 3951 9397 9149 6507 953 1386 4763 8149 4157 3139 5419 1728 9592 823 731 884 4728 7428 9336 5523 4972 9534 9425 453 4286 6470
29 1046 8456 8423 9540 669 5428 8321 1238 2389 8512 8807 7727 3286 6484 6698 1365 971 1979 1206 5427 923 34 7057 6813 9794 9945 2164 2092 9273
29 7425 737 25 552 4200 359 8514 1456 3892 322 416 8701 3826 9091 7904 2030 1774 2909 2162 1118 6154 1187 1155 7405 980 2225 4521 5321 3483
29 3452 1996 1625 5928 5134 3916 8632 5779 4505 519 694 456 4955 56 581 2440 3082 5091 2793 3356 9606 2230 5351 8660 3488 2760 4987 8756 8656
29 9877 7331 6998 8565 9408 4961 3375 3883 5145 930 1085 847 5127 3744 1211 5035 3552 5968 4382 5279 1829 2914 6529 8827 4513 4893 348 3145 5525
29 8948 9331 7374 9353 2590 5167 3626 8507 7514 983 1244 3591 6477 300 4637 5717 3805 6914 6413 9362 3363 9961 6769 4280 4878 5430 1331 6113 3941
29 188 8859 7777 9792 4071 5354 4142 1392 9559 2127 4677 6037 6653 1044 6777 678 4018 7853 7645 952 7764 1028 218 5570 6205 8194 1782 7229 2114
29 9018 1639 8471 2099 5652 5688 987 3065 9650 3874 8183 6109 1838 2899 9889 4107 5684 8706 8186 3582 749 8540 1265 7841 7266 9373 3342 9198 1090
29 5867 3089 465 2184 8307 7934 1972 9009 192 4718 8195 6150 2269 3131 1275 8712 6724 233 1951 4836 2601 940 1626 163 3502 4084 8012 1374 2061
29 4145 6603 5082 8318 4605 7968 4656 9088 860 5698 8664 6494 2798 5963 3431 471 7040 2364 3009 9641 3052 1195 8585 3617 7574 3759 2943 5564 4850
29 6246 9267 7268 8474 382 337 2169 2148 5499 6187 3283 7511 3389 7013 5163 1469 8516 2553 4834 611 3475 5455 3040 7474 8162 4273 3616 1379 6455
29 4647 6048 7894 8872 8769 639 8959 2645 6770 7887 6981 9030 5738 2 5316 2530 9360 4304 7224 702 4704 5937 5132 7877 9447 7018 4086 3254 525
29 3242 1250 3579 4423 2869 4482 651 5671 7620 8714 7164 761 6314 3192 7506 5736 663 5588 7922 1975 5416 6390 8069 2615 2767 8515 8587 3324 7029
29 8500 9950 5516 7390 5696 5649 2054 155 7714 9310 8379 1001 6591 3350 7721 6244 3206 6742 8080 5406 6941 7308 8839 3285 3757 9191 2374 5474 5136
29 9225 4414 7865 8757 5825 9201 3128 616 8077 2428 264 2868 2325 5906 8957 7996 5312 8564 8589 5484 7578 7838 216 3912 4085 3465 3207 9710 5780
29 2953 7687 428 7963 8691 3989 7559 2974 2016 4822 393 3613 2666 8457 259 9248 6285 9058 8604 5790 9096 7975 1043 5339 6117 6929 4291 7293 2574
29 8110 4695 9562 528 3758 4684 657 3575 3406 6467 2190 5049 5362 9557 271 1846 6977 9213 8891 1618 4197 9105 2188 789 6647 6959 6009 7914 2651
29 1019 9467 9847 6478 4308 5657 1636 5747 5819 6666 2985 8048 7037 15 4070 1922 7360 2958 9140 2957 5318 9622 6147 2369 8367 7982 7389 9908 8863
29 5412 1779 748 7213 8078 5880 2291 6076 6783 4247 4376 8725 7225 529 5228 3086 9498 2996 9728 3469 6286 2146 6487 6118 9846 9802 9815 4856 1720
29 7359 8877 5803 79 8252 7557 5701 8952 9680 4749 4391 140 8597 3208 7442 4116 9634 7619 232 7090 6622 3222 7236 6792 339 6472 826 751 4598
29 3412 3609 7440 700 1727 8039 8936 358 1660 5759 4625 723 36 5918 7695 5834 1964 7760 742 7408 8372 3809 9049 7300 1627 7464 2399 3497 183
29 4474 9830 9837 3983 2371 9170 189 1514 3907 6288 8635 2133 763 6811 9183 6707 2594 1855 3390 7496 2111 5177 9874 118 2103 9442 3732 4263 3536
29 5171 5902 2766 7251 5808 2662 546 2434 4502 9067 3267 4256 3134 9261 1462 9681 6500 2333 4672 8238 2319 5445 2684 5308 3833 9879 9256 5977 5522
29 6141 9335 4968 8030 219 3714 3777 6142 7150 9789 3444 6395 3325 221 2214 2402 6640 4246 6218 4891 2799 8944 2735 5325 5154 328 1012 8655 2819
29 1397 7820 7815 3298 3373 4802 3897 8766 643 312 6528 6996 4888 3067 2845 2448 7352 4496 8399 6530 4087 1512 4129 5716 5543 927 1685 9340 7074
29 220 5618 9568 6110 4221 5266 4143 6055 682 1198 9754 4344 6054 6287 2857 2945 7884 5957 44 8123 8154 4642 4964 6588 6051 1662 3859 2165 2175
29 1714 4974 5111 6522 7330 7576 5573 6853 2161 1373 3977 6083 6331 6596 5930 3936 8112 738 430 560 8171 6367 5048 8645 8692 6355 5552 2295 8808
29 2546 8269 8908 7836 1330 3243 2492 7005 2886 2629 3998 9556 6635 6867 6753 4235 8201 1467 695 1069 9800 8675 6969 8867 9867 8953 7932 3473 4460
29 7924 3662 9081 8782 2153 5299 5059 7942 2972 4402 5120 4140 8445 7694 8693 4363 304 7334 1584 1077 5600 1998 8301 21 3669 9127 5109 9298 9848
29 1661 6488 1380 1009 7970 7582 1225 8562 5230 5131 5691 4688 8680 8711 691 8207 1825 19 2155 1551 8056 3381 7353 451 4562 1695 7671 1105 227
29 1402 66 1689 5500 4106 3053 4438 1010 7592 6967 6474 8886 9502 1287 1057 8852 3743 2205 2727 3423 9334 7549 8598 5646 8592 2159 9725 2555 9476
29 4976 1841 2358 7366 6844 4886 1406 3364 5096 1062 9208 3867 9700 5574 8047 1656 4895 3491 5806 3889 9372 9443 9883 9477 8865 2940 620 3804 5303
29 6912 9561 3000 8350 618 5363 5028 6155 5317 2723 6564 4524 4493 6025 8428 3918 5665 6014 9383 8377 2515 5856 1177 1200 1096 5924 741 6002 7426
29 1887 3253 4516 91 7182 5862 8038 9947 2383 7106 7657 8103 7611 7190 8843 4485 8184 7500 2125 9594 2741 1140 5528 1879 5501 353 5413 8926 3301
29 5651 4520 6256 889 8776 7595 9355 149 3678 8028 7965 5309 9982 7531 9511 4848 8854 955 2262 3514 3133 2229 6620 5020 6209 1232 9470 9896 3250
29 9642 5116 9004 3855 683 4301 5231 5582 6225 8518 9050 16 3146 7900 61 5733 1345 2180 6993 6227 5326 3783 8606 7252 6401 2672 9585 197 1622
29 8584 7708 1290 4569 3287 4907 6904 7175 619 919 2954 959 5864 4740 1704 5886 1483 6518 8437 7625 6686 6056 9821 2185 7078 4251 1446 5223 8074
29 8720 8932 2395 6278 6379 5402 8813 8000 2039 2377 5075 3203 8227 4973 5739 6348 1823 8581 1894 7686 9429 6856 1542 2659 9005 5664 4823 2256 2227
29 9813 5379 6108 483 6432 7328 1241 8477 595 7120 7048 3967 1339 5039 5951 7716 2344 9959 5378 8245 8145 7848 4014 3914 9890 819 8806 3550 5322
29 8426 5282 730 3705 7041 7972 3919 9620 3405 9930 1669 6466 4841 5917 7206 7780 4011 518 8448 9243 866 8479 4865 4156 713 7176 9113 5992 1746
29 8763 5426 3712 4012 7397 2989 4862 9929 6261 573 2064 7806 7355 6156 7720 101 5074 2706 9773 2341 1650 9339 621 5809 2818 8333 5669 8343 8107
29 6510 1154 8140 4137 7602 6690 5565 5855 8775 8262 6828 2240 603 6224 9629 2154 5270 7642 378 6544 3213 2042 4432 6890 5166 9649 8539 9321 6766
29 6211 1249 9819 9025 2641 6954 6020 8091 9955 9636 9549 2503 1020 6266 3495 3365 5734 8750 3251 7132 5189 3165 4649 8567 7409 4416 3697 7663 3634
29 5250 3246 725 9674 3610 7601 158 8230 7756 4604 745 6135 1832 9444 4787 4128 7823 60 5175 1251 5593 4525 4736 1300 681 5800 274 9496 4477
29 477 5084 5778 395 4889 1340 3751 967 9323 5404 1107 6980 8608 6869 4794 4249 8366 924 6092 3370 7693 5009 5473 2138 3270 6136 1933 719 1355
29 1877 7701 6157 1552 1562 3870 3787 1063 1136 844 3084 7534 8883 7725 5510 4405 9204 2332 8654 5894 8911 8455 8359 2409 3893 6481 4135 1771 8111
29 8982 2355 7964 2047 2697 4894 8548 3574 1142 4774 3313 8231 697 8785 5615 6352 187 2348 8696 6088 9384 203 8951 3831 6003 9457 4601 4568 9986
29 2810 6611 8054 6324 6270 6074 5 5375 1628 6160 3699 9798 2586 3129 5796 1733 6720 3191 4325 7123 1723 3220 9185 5277 877 8055 5333 50 2763
29 547 7976 2942 7436 1596 6952 74 7778 2183 7247 7443 2314 5394 4005 7323 2772 7685 3484 9129 7507 1888 3618 9750 6137 2345 590 7622 6434 2231
29 8526 9219 3749 8896 2454 1729 1171 951 5434 9015 8467 4039 5910 9165 7706 3876 8190 3824 3704 105 1889 4289 1506 8783 4361 1017 2750 628 9485
29 9849 6123 5477 9723 6648 6935 2556 3818 6503 4540 8638 7538 6308 1139 8853 3971 8315 5334 4385 289 2722 1503 4015 9254 5302 1546 6745 2307 9322
29 8901 5964 8232 1477 9188 7042 6183 8555 7997 8771 9566 9487 9795 7216 8958 5508 8935 6068 4401 533 6376 3163 4548 4364 6028 6332 7264 4588 4378
29 653 9729 9664 8591 355 7999 7670 157 298 6 1071 9662 1601 2066 172 6335 3247 6891 6134 2045 7367 3528 4758 4488 6318 8244 7711 6732 7411
29 4572 2292 758 2802 2288 9675 8733 5073 936 3197 3456 2181 1891 2472 3020 6870 899 8274 185 2900 7512 4141 6302 4733 8627 9529 8242 4853 2779
29 7069 8450 2743 8288 2863 711 9530 7930 3427 6661 5672 9014 3081 3190 4452 8743 2436 5211 3540 4801 8326 4372 6476 6337 9784 762 6860 5544 7233
29 6784 8622 3544 1217 3180 1508 330 9053 6618 7487 261 9232 909 4098 8347 9403 4110 5935 6084 5143 9687 4685 8211 7383 9956 1646 1913 6122 5630
29 6555 617 4334 7329 5031 2758 3095 4051 7188 496 1364 9539 1404 6517 9100 1550 5893 8125 6839 6716 1083 9382 8282 7707 1024 1929 2242 3392 4712
29 1058 1359 8458 1812 8387 7115 5625 7257 8251 2929 3680 929 4292 7163 458 3437 7262 1068 8305 8719 3799 5700 9075 8325 2476 2310 6820 7580 2107
29 2025 3436 194 5689 9638 7526 2140 2528 9472 3297 3685 1532 7131 3934 2301 3627 1893 3816 1104 8870 5730 6946 1623 9027 2815 4061 9507 8848 2485
28 8100 5816 266 7634 202 9967 3539 2717 9857 4050 7688 1815 8976 8342 3196 7091 2378 4026 1759 1863 5948 8454 1642 5173 6508 7186 9804 2941
28 1442 6460 4653 9250 1007 1121 492 4179 2311 4104 9226 3101 9148 8416 4941 7606 2924 4459 5784 3225 6130 8963 4367 7448 2131 8814 86 3832
28 6948 9760 9448 9920 2019 7050 1515 4300 4275 4176 418 5162 3639 9121 5137 647 4898 5740 1976 3428 9290 9854 5608 8950 2171 5407 4514 6497
28 9914 2623 2656 2362 2375 8087 1719 5264 4578 5932 920 7406 5537 386 5972 3745 6398 6309 3962 5642 1313 4975 6440 9158 2701 7238 561 7519
28 9548 8878 42 3688 4170 771 4716 8166 8393 8260 9116 1980 5655 527 6193 4296 7220 7896 4494 6854 5281 5460 6485 946 2764 9778 5767 1132
28 4341 9103 4027 7830 5637 1243 5295 269 9578 9547 9357 4922 6419 3547 1959 6203 8954 8436 9182 8594 6547 6949 7911 1358 5260 334 5954 3411
28 5827 7750 5399 8332 9871 8405 7513 3351 9588 2486 3241 5492 7171 4268 4217 6846 721 8850 871 9912 7249 7915 9812 2522 4506 1476 1984 4791
28 6872 8643 6923 3368 1326 5644 9484 4044 729 2746 3457 5530 8907 4980 6050 8109 1239 9223 1149 2770 8040 8559 9831 2762 4576 2274 3920 7868
28 5911 9748 2965 4607 6146 5931 4241 4512 1138 4833 7451 5561 8547 8487 8641 9135 1993 3022 6079 4418 872 9887 775 3240 4939 5011 4277 8401
28 6670 1724 5195 4643 8041 8871 5452 5462 2379 8364 7544 9156 9287 1536 9044 9301 2944 4630 7299 4679 6091 1325 2612 4816 5015 6605 5580 8697
28 8308 9452 7888 5640 9601 153 6167 8013 2841 8939 127 9252 747 1953 9285 1870 4108 5548 2825 6685 8319 1708 3323 7052 3172 7529 828 685
28 351 3127 9790 7570 660 1018 8369 9570 4701 3097 1579 480 2820 5156 349 2130 5147 7391 3460 6950 1115 2085 3559 5546 5369 9177 6779 2906
28 4453 7883 9572 8834 1652 4201 2201 5047 5242 3786 2605 2158 1991 6421 2527 2665 6641 8304 1005 7565 2707 2387 3661 9330 5693 2001 8603 5188
28 5629 6657 1621 9302 5417 5559 5297 9693 7011 3819 3094 2671 2614 8650 2911 2894 9002 8611 1192 9730 5822 2973 6736 1147 8157 3446 1008 6936
28 6506 7095 2895 5595 1344 6990 7316 35 8781 4456 3433 6604 8167 9651 3344 3478 9752 9074 1687 159 6629 8396 9552 1264 3490 3698 2637 8354
28 1756 7891 3070 3424 2396 9064 397 459 9399 5006 5467 190 8221 3518 5349 5941 367 326 2497 1472 7596 1548 9717 2043 5922 3997 4257 3409
28 5359 8965 7692 7816 3123 668 1645 7478 1025 6073 1651 4121 9474 4081 6884 6645 2429 482 2558 1966 8844 2839 2547 3992 7624 7771 7926 3432
28 7362 211 7734 87 5861 1994 2080 8317 1053 7827 5636 4259 195 4199 8281 7636 3793 1089 2875 2306 9137 5007 3881 5424 9491 8498 1144 6656
28 2874 1407 4639 7129 6342 2826 3773 8395 2885 9875 8411 5079 2563 4370 9199 9098 4748 5327 4676 4875 850 6260 4072 8272 449 8662 2606 9696
28 4123 9972 9635 4020 7279 5064 5720 502 4253 665 3860 4381 5944 8899 9284 9451 7961 8486 7468 5612 896 6384 5735 1498 545 507 6357 95
28 6159 8148 9711 1886 7520 8249 526 1169 4476 1608 9126 9593 9542 9480 133 9737 8424 9203 2822 6001 2769 6574 7092 2738 1941 1935 9253 4162
28 7064 2300 256 6539 1930 9329 2413 1694 5102 2774 9553 1116 3715 9580 1659 1526 8731 9326 3676 7128 2903 8988 8241 4266 2424 7632 9481 2548
28 9381 2323 759 47 5052 4147 4130 6713 5820 3036 596 1900 4723 1574 2628 1778 175 360 4073 7457 4760 146 9932 4469 6426 7889 1664 4054
28 743 224 1691 3210 2505 7108 9136 8784 5971 3511 914 4584 5164 2002 2843 3333 2264 1603 4158 654 5933 1908 273 6836 6731 2475 2398 9110
28 315 1711 1899 2044 2074 9304 9157 9663 6396 4064 1369 7873 6216 2619 3088 4151 3449 2088 4772 1559 7180 4271 2250 1346 6896 9501 2744 1037
28 6556 8624 3154 2228 2847 9900 324 152 6430 5330 2970 8689 7757 3304 6228 4680 7137 4768 5914 4565 7429 4824 2715 3143 7098 485 2800 2117
28 9796 4944 8044 3018 5995 310 1023 3788 7173 963 3910 9255 9765 4049 6306 4805 8708 5703 6495 5110 9538 5410 4120 3631 7989 4698 7144 5288
28 92 7168 9051 4155 6296 3815 1203 6053 7845 4531 6798 237 9911 6705 8822 6403 1915 7297 7960 7375 5387 1245 4575 7489 3978 6709 1564 5341
28 569 7600 5705 9603 1919 6198 5305 6281 9672 5535 8390 1837 1060 7536 9732 7939 4124 7348 8226 8150 2432 3485 4915 8609 7729 6780 2145 7038
28 1357 8717 8749 1439 4261 6906 9008 7809 3337 373 1826 3326 1278 8291 1182 2756 4532 8182 8966 8560 3047 4033 5348 2322 8431 8119 2294 1070
28 3178 6271 3851 4775 5487 7143 9173 8557 4125 588 2631 4046 1332 633 4844 2964 5598 8208 9746 9679 4571 5358 5845 2979 960 9061 3784 4826
28 5054 793 7194 6989 7485 7361 9416 8677 5746 760 3903 6362 1809 2959 5514 3096 6151 8383 217 1193 6344 6944 6322 3214 2156 634 5990 2892
28 7854 553 9513 7045 4185 2115 9590 8703 5929 2509 7227 7277 2469 3332 6127 5161 6523 9312 2816 2731 7488 8420 6527 8490 3450 3339 9987 6875
28 2135 4732 2217 8152 5571 2663 2994 9988 7402 3149 2405 8412 7193 3695 7114 9583 6613 712 6746 4281 7516 8535 7077 8751 3984 4427 4847 8668
28 5198 2373 6573 8810 9166 3126 3890 3863 7585 3205 2687 9378 9698 5539 8979 9689 6671 1480 8754 5286 7866 154 8502 374 275 815 6311 2804
28 5533 4287 442 5135 2538 3968 5817 5125 9479 4008 4213 2680 4076 5581 9624 9855 7296 2507 341 9581 10 1657 9599 3396 2622 1958 6710 4330
28 8642 5053 5122 5605 4285 5225 8929 5458 225 4793 5982 5290 4618 6616 2152 1495 7641 4650 1337 571 421 2570 746 4923 3166 2376 9763 5376
28 9333 6443 9102 5798 6400 8246 9086 5621 589 5722 7304 6380 4721 6788 2567 2100 8460 5204 1709 4359 4489 4655 1931 5837 7958 4053 1316 5904
28 2337 9028 9393 7153 7615 9466 3099 311 2499 7063 666 7313 6097 8949 2649 3519 9259 5401 3581 7974 6429 5538 3039 7082 8461 3543 6105 7258
28 3624 9818 287 8690 9176 9721 447 2755 4204 813 2650 8494 6729 372 4419 3628 9761 5743 4080 2095 562 8116 3077 9238 8897 8306 6776 222
28 3671 4383 1450 9152 204 9974 1127 2835 4504 1429 3273 9824 7070 1361 9584 4495 448 5952 4779 2134 1434 8236 6966 9738 625 8997 7808 1804
28 9551 2021 5468 5185 5623 115 3024 4583 7735 1520 5996 607 8737 5807 9713 4985 2048 7649 5032 3113 2113 1219 7919 1259 2490 3093 7858 8943
28 466 5488 3055 5648 7060 3395 5241 4603 7879 2904 6651 956 5172 6360 262 7736 2511 8657 6570 3230 5174 5372 8023 2334 4597 4211 6047 3
28 3909 4243 4311 5795 8817 8146 7221 5301 3194 6182 7167 1801 9130 7477 1471 9402 2519 1179 7588 5319 8311 8993 8170 2433 9924 7698 1882 2859
28 9309 244 948 9078 9512 8496 9138 5314 4606 7499 1314 2419 9827 1904 7185 1256 4554 3595 7696 6121 1672 9351 3063 4184 612 7890 3202 3001
28 9715 7450 3316 7980 8335 205 1306 9951 6974 9589 2102 3136 3407 3402 822 1615 7107 4352 8259 210 4613 2587 6164 4997 1423 7954 7270 3182
28 2309 7597 6231 8563 9640 2506 7321 247 8934 9667 5092 4429 4436 3806 2361 3189 7789 7394 8520 904 4849 2830 8873 9087 4322 8020 9055 3725
28 2776 8666 321 862 249 2967 9206 2252 90 9706 6040 6816 5991 7035 3538 3398 1233 7677 2415 2082 7008 6386 9733 9436 8637 8144 7387 6013
28 1845 1428 1006 7437 833 3458 9523 4746 181 332 907 7842 6067 8018 3795 4673 1986 8797 3642 2196 8185 6566 3100 179 9350 3944 7710 1781
28 4182 2410 1813 9506 3534 5777 905 6835 1201 3156 2411 1482 6163 8410 5065 6035 2359 2094 7616 6178 9975 8758 4692 1827 9797 5431 8090 6422
28 6600 4340 4585 3279 4207 8889 3421 580 2508 4756 3080 3781 8927 9817 5089 6133 3380 8159 8066 7793 392 171 1455 2109 3282 7292 3779 6703
28 5386 8482 5603 7739 6439 4696 4703 835 4369 5077 3765 4596 9716 9909 6179 9671 4880 438 8298 8209 934 777 1610 4351 6062 8790 5471 8290
28 6433 1853 855 9016 7459 1591 6393 1666 4434 5708 5238 6412 788 2685 9943 462 5213 1463 881 8669 1338 2464 2360 5055 7746 876 8568 5138
28 9708 7626 4021 9669 9520 1754 6659 3386 7522 6857 5802 6624 6289 2785 1775 671 5421 4282 3871 9960 2608 6061 2644 5265 8554 4640 9616 9216
28 5436 4608 5476 780 162 3032 8313 5770 577 7683 6797 1391 7555 6078 5311 912 5517 7044 4929 1167 3274 6741 2752 5821 9288 5723 267 306
28 207 1433 7680 6625 3470 180 440 7618 2679 8999 7643 1712 7962 6375 301 1844 7410 1748 6999 3477 3964 9090 3602 5840 5831 3309 1528 4441
28 1003 2893 1066 9682 4874 1335 2020 7674 3994 1289 8846 1938 8857 3760 4636 5182 8700 4892 9011 4224 9743 9515 4396 8351 3471 6253 4730 7551
28 3060 622 3948 3746 2542 2331 2207 1030 6764 1427 5439 2062 99 5993 7875 6978 9647 5960 645 5123 3756 2128 6004 9154 3731 8349 5853 8480
28 4908 8143 9579 4634 4662 3049 4897 2315 7343 1576 2236 8820 894 7305 9703 9626 9722 6268 1234 7791 4192 4784 7689 186 7786 8392 6795 3605
28 5178 9595 361 5966 5988 3170 4741 5662 7876 7486 3226 638 1713 7617 2126 2552 1531 8286 1496 7797 7030 8168 4009 1382 9527 1553 9196 9839
28 9704 1747 3400 7878 1901 4550 6758 5666 8465 8855 4919 2049 6838 9376 2705 6172 1737 583 1784 7829 7973 3486 4127 2191 32 1861 404 9997
28 8752 8573 8124 6106 2543 1390 921 6650 6175 998 8175 3319 7847 476 3764 6274 2058 1732 3875 7969 8451 5068 6688 4810 2688 3401 2457 2258
28 6756 3509 7895 7192 9276 1398 989 9526 78 1221 248 5148 8721 863 3987 8527 2682 4447 4103 8673 994 1378 8519 4959 3885 8258 5472 3638
28 8809 7032 9772 7994 4992 3625 4984 1460 5071 3463 1734 5542 1499 1213 9419 9364 4065 5645 4392 961 1013 2090 9207 5207 5753 8388 7803 8063
28 6066 9965 5797 3839 5909 9195 7200 1945 8895 5794 1752 7282 8919 1191 9851 9404 7169 7051 5519 7844 2372 2504 452 1999 1474 9995 2855 263
28 1479 235 7598 6909 7401 1849 7782 3594 845 8579 2005 8085 9571 3694 344 9618 7404 2621 208 2739 7484 6226 2223 3720 3650 280 3632 3823
28 5896 2449 8243 7001 7545 4377 9811 3658 5370 9363 6052 9779 935 4172 767 1459 7724 2828 474 3976 8344 9828 4471 3986 7561 327 6276 5267
28 4037 4437 1549 8825 8089 5950 5070 5108 9124 9806 8016 1424 4153 4278 4117 1572 7843 4911 4276 5236 2251 1867 4587 7755 8864 2788 209 5377
28 8791 184 1730 4283 9295 7434 6195 6425 1892 265 9886 3415 4415 5340 4702 4166 9228 5694 4547 6843 6675 3124 5851 7832 727 8893 2318 8570
28 43 1166 5420 4312 5438 1619 8449 8614 4581 1735 564 3884 6049 7412 8435 4621 591 8745 6592 7921 365 4397 7977 2640 3048 536 5647 4869
28 4806 852 1705 5783 8136 1640 9850 1178 8263 1806 1770 7475 7246 3239 9132 5066 1755 9969 8491 8104 4681 6554 9128 3467 5126 2186 6541 5169
28 6290 8273 2599 6699 3645 3864 292 1565 8837 3702 3670 8466 597 3269 644 7933 2086 1267 8881 1524 5847 6762 9504 3780 6114 2386 6030 3305
28 4932 9861 3059 732 4579 6144 1135 2136 1513 3940 6876 9388 6763 3445 801 9845 2458 2050 4832 5234 9153 9678 1224 7256 8239 2803 6094 4417
28 650 941 5987 1034 8968 6773 2071 6366 3922 4867 7059 985 7608 5396 3752 1445 2693 2321 5383 6085 120 709 4503 3880 345 5118 8580 7880
28 7072 7006 1898 4507 338 7795 2246 6464 5945 5193 652 4035 8670 6549 4635 2981 2745 2683 6450 7239 710 4063 5444 6099 3076 6740 8683 1715
28 238 8735 4016 5453 1606 8289 5315 9605 7244 6349 1940 6388 1571 7356 6575 5899 3255 4148 6633 8147 2241 7170 6451 9065 3729 8131 1370 4092
28 3782 3686 9514 6245 2747 9428 8015 2000 7503 8061 2583 7222 2221 2951 7556 8371 4657 5913 7033 106 4473 8851 575 886 5355 6480 5287 4232
28 8532 8084 8139 7918 8068 498 8381 112 7770 9421 3284 7988 2938 3288 2031 9143 6036 6911 8022 285 5699 9740 3654 3006 6242 9810 4006 6514
28 5262 8558 1376 8035 1164 3410 1074 1389 69 1783 3835 8256 8009 4252 4620 5149 6462 8368 8975 817 5748 4 5659 4790 6930 9990 4900 7587
28 5411 4226 6046 8459 5437 8541 1252 4193 1409 3294 5596 8631 9184 4384 1159 6017 8188 1059 9271 1016 5969 400 5721 6176 537 1707 5269 9783
28 8980 6907 7702 7678 5967 1453 4214 5572 2384 1828 7572 4306 9646 6830 2070 7104 9977 3177 4498 3451 6191 3408 1793 7306 2173 6808 2397 2639
28 608 8910 5298 566 3005 4126 5465 1643 2936 7467 7822 4899 128 1761 6682 2912 2057 5938 5617 5712 6339 4205 4425 1567 4666 8492 3549 2829
28 555 604 9786 3130 3224 5692 9054 1866 7207 7554 9653 6519 1831 1848 8552 4633 2316 6336 7723 7101 8165 4986 7318 3041 6939 8630 1501 490
28 7322 1231 827 68 3303 7314 3866 4223 8524 1099 772 6809 1880 4742 8858 5414 5268 7604 8005 7881 8536 6882 8992 4615 8989 193 1681 1769
28 420 6815 1134 6669 3553 2055 7567 4428 1174 2040 2004 307 3796 3742 412 5844 7278 1094 9944 803 8849 7864 5829 5076 113 1682 5025 2463
28 7046 8569 1585 3482 6394 2712 8444 4510 1507 5921 2479 2189 4315 4994 1777 6428 8780 2468 3321 1663 196 8646 6100 6180 4007 1795 5946 5293
28 1415 6378 5587 3873 1525 5380 5786 6273 4194 8407 5497 3577 7121 5687 5158 7079 9973 5857 6148 3447 2580 9668 8875 7772 48 3266 7340 804
28 5285 5832 8191 4470 2982 6757 6291 7346 4711 2390 6257 6644 8106 5984 254 7652 3054 6862 9245 5405 4755 981 572 8362 2584 4399 8439 2093
28 6409 6019 716 6947 6772 8649 7260 9032 5842 3479 6664 7165 150 8228 1556 255 5442 7384 9787 7483 4842 1957 1947 1295 3957 9984 8734 3195
28 6751 272 3721 7149 7737 9625 9521 9953 6081 9122 6945 7927 1353 8483 5357 1936 5772 9497 2213 8884 9492 2888 2072 1319 6834 554 2939 4228
28 8900 2883 5027 8327 8373 9981 5093 1534 8029 9916 7745 325 1873 9112 5710 2157 808 880 6491 944 9602 5187 2880 4580 7399 4091 5556 4543
28 6080 3906 6837 3090 965 3277 5920 1698 1523 84 8179 2948 4519 1015 8255 4353 3072 2255 8046 4409 1288 6557 7562 4851 7893 4244 6548 7228
28 8682 7327 1436 7796 997 6044 169 5943 1676 1750 8386 3117 7422 1817 8699 4651 4159 4648 9880 7280 2872 6771 2193 6660 7901 144 6793 7571
28 1978 8464 3597 258 1441 913 1465 6011 2775 3354 2933 3262 9172 6962 9369 5529 4408 5220 9922 7295 3359 7136 2728 7415 1443 3454 9690 8141
28 5568 381 434 1262 2431 7148 4845 6170 3505 3611 4411 4479 688 7664 1518 7449 3391 8025 2176 7315 6458 7846 2748 8072 2367 9607 168 722
28 2524 4393 2335 4407 4914 8062 4935 2681 4440 3667 6140 9785 3635 8658 2380 9608 4102 369 3603 7825 6486 9094 4059 9048 5682 5848 557 1111
28 2742 4537 5577 7905 6958 1356 5670 3789 4734 6721 7342 443 4448 2898 5558 4212 7653 2561 7991 8271 8334 840 4230 9294 6700 2324 2805 4491
28 9582 8906 83 9006 7675 2931 7508 4233 4767 7753 1271 2343 4451 3510 5626 6018 8137 2993 3015 8741 9917 2224 5119 543 9023 6397 3248 5947
28 3034 2290 1327 9328 3296 4167 7800 4771 4773 7967 1530 2607 7660 3828 5764 6077 8841 5097 3716 82 2733 3103 5752 2427 54 7335 3690 2056
28 6008 4293 2147 3761 4978 6437 1540 5604 9774 637 1914 2838 8283 6072 6565 8415 509 7946 3735 2890 4557 3619 6897 6259 1092 4501 5239 2083
28 6277 8709 5332 4777 6112 1308 4622 6186 1137 3740 2783 4846 3913 7184 6607 9115 648 9160 8127 4317 6283 6704 7162 125 1852 6060 6861 4951
28 7790 174 6267 8868 7010 4710 6833 6631 2143 4404 5114 5435 4000 1310 7273 340 4400 885 8909 6794 9413 926 8051 774 1876 8915 8625 6803
28 121 6310 7019 457 7179 8265 6840 33 2575 1716 5511 6626 4938 2192 8384 3132 5044 1410 9617 8905 9793 3852 432 984 6748 3961 7198 8484
28 797 422 600 2232 9297 522 958 1372 3568 1992 5601 7339 5429 3556 9639 3487 7298 4795 376 9963 3295 4726 5466 3643 6821 7073 6520 5140
28 6646 3416 4762 5393 4616 6817 5190 1432 5151 2286 1763 8169 6392 3898 1207 6232 1205 7358 1056 1943 3583 7990 6096 3664 7979 9119 8678 9533
28 8962 739 5616 6000 7393 9101 81 5521 6220 2768 2046 9038 9134 6540 1324 7518 4114 7543 6204 4467 7421 8715 1157 4592 279 2655 501 9665
28 67 1613 6493 7783 1767 570 548 7354 8748 1686 5607 479 199 7525 1851 7667 5451 7635 6799 4700 8572 9936 1414 5949 1985 3902 1399 2918
28 5346 5010 7779 2151 200 776 2013 7540 226 1807 9247 1204 3353 9632 2595 7814 6955 3317 524 4913 1637 4234 2534 6330 5459 30 1721 5001
28 8653 7191 8726 6453 718 1850 3237 8443 2514 2017 1605 1425 6177 9816 3271 7871 278 4970 1580 9368 5423 4609 2577 8205 7286 1452 4993 9933
28 8096 2067 505 9409 1067 2991 5100 9072 4957 2643 4492 2652 6680 1967 7718 8923 3822 7703 6033 1106 7767 6065 4023 8210 5976 1500 3035 1810
28 9940 4785 58 80 4338 3110 6516 9432 5704 5482 4535 4181 7158 2287 8398 2089 4435 755 6511 1833 9483 40 4646 8549 124 3116 8200 4715
28 3928 8007 5403 245 9082 4089 8196 5881 5828 6747 4595 4332 9117 6927 8639 2460 4714 1301 7250 4737 2028 864 6901 1509 1170 3955 8375 3974
28 2022 9193 7998 1360 3231 5518 9118 8049 7141 8151 4838 5515 918 8928 8777 3109 999 6024 7761 6505 2435 4729 8057 1632 1860 6292 9876 4539
28 1223 5815 8543 7882 7081 7021 2955 9834 7943 1420 9948 3158 2208 576 9279 4544 4455 6454 8686 7985 2961 5023 8293 3376 2259 1635 7189 6200
28 6490 9991 8973 8571 3429 3753 5121 853 407 4225 2551 3561 2956 2897 9338 1426 7294 6593 8723 8759 4555 7199 9077 3434 8499 2357 7259 7414
28 1595 2907 9325 9471 5955 4337 5839 2347 4682 1151 3108 6714 5391 4302 1612 1620 7413 8489 549 8981 6743 7690 107 3942 8517 3588 1065 2720
28 9229 6916 9454 2842 1180 7834 5973 5953 6234 3343 4683 8551 5804 4654 1630 5889 8400 156 2999 1021 9400 8724 4066 5409 9613 5036 5343 3683
28 3946 8267 3169 8792 2401 2003 6387 3899 6561 4788 5974 8956 7637 7948 3651 4001 8537 1582 3025 1047 3221 9210 5152 7920 2983 6201 6850 3872
28 4663 8577 9374 9791 5714 2129 257 6986 6582 4885 284 740 8838 8006 5310 5328 9826 1924 4770 2209 4468 2539 6632 383 3383 6602 7907 4260
28 7650 9286 1229 317 7086 3348 662 7912 7532 5371 1075 4542 8913 9361 6937 5686 9872 2674 5697 2823 4837 3443 7423 3915 3848 8747 8545 7309
28 2523 104 2498 1488 7950 4444 2660 9062 9268 5613 1143 5905 2905 1294 753 9777 807 5237 6007 2849 6236 4958 8114 5590 7016 9320 3558 8914
28 2394 2526 3530 2212 9724 6012 7208 879 5620 7089 3420 6346 3003 1348 6991 1033 5441 7203 132 6328 9658 5614 9417 5679 1858 6417 4804 9407
28 3153 5233 5196 9365 9753 8578 9964 1247 5934 8277 3747 6489 5067 2368 7699 2233 5654 7564 1384 8478 3292 7493 5681 6628 2408 7465 6297 1235
28 9597 6039 5205 9905 2210 563 114 1923 6598 8447 5150 7705 8488 5557 7860 5549 6627 7971 2532 8801 4389 2326 8434 1973 4745 7733 4709 2220
28 7938 8937 8799 9996 2980 2199 1772 5776 752 223 6639 8303 1117 5611 2625 6010 875 8002 8382 6585 4420 350 8530 4873 7197 1131 5323 6064
28 356 4577 9769 1803 3592 2817 7691 6889 3341 3115 1726 8636 2881 7263 3644 9686 3571 8163 698 7049 4887 867 925 5320 8292 7798 6643 6233
28 8534 916 1152 4902 6782 3709 270 6938 4589 5555 2977 9239 4298 7762 3908 2636 4132 9747 2098 7378 8433 3459 1511 5989 2350 9707 9292 8705
28 9898 3347 1377 8180 8340 3991 674 9218 4678 8836 3204 55 4948 9111 5782 3179 4586 88 5903 8086 2063 3462 7594 8648 3878 9966 9927 8419
28 4632 7648 4215 8762 1493 4272 3030 419 4917 680 5041 3711 6214 1911 9356 7014 5153 973 6469 9906 2483 4641 1741 8671 4813 2797 4362 9499
28 2453 9656 5087 5870 2588 6006 3140 8617 5388 968 5104 6383 9194 2141 9915 8473 6340 2027 8133 11 4394 7326 2204 366 4868 2908 7785 6369
28 9327 3507 7380 8130 5594 1706 5729 1212 6855 1388 9999 7476 4527 6345 296 8681 990 2137 63 3338 5661 241 5841 868 5224 3033 8088 7992
28 4307 6691 7995 3882 9324 2112 6138 3331 8511 1808 1473 8823 5450 7084 1318 8740 1816 2283 436 4078 9574 277 6165 1322 5981 5144 4169 9010
28 5854 8933 8803 6778 882 5090 8529 6787 1226 3981 4041 9107 5456 7668 3489 1172 2604 4203 865 8060 489 2416 6166 1843 8406 6654 9619 9863
28 8845 198 1909 6800 2786 6898 398 7775 3042 6979 5248 856 5464 8279 3811 3532 6095 6665 2177 4290 1411 2689 299 3531 9500 6895 93 3388
28 4173 4529 6708 1354 5335 9438 1086 8284 3672 7719 53 3762 1395 8882 3970 4783 7241 6985 2592 4786 3604 3366 2282 7365 450 8623 945 5197
28 692 5259 7103 2110 7623 1311 1517 335 5469 8768 1592 4920 2452 242 8053 6877 8970 8501 4138 6206 6805 3524 4988 8079 470 9993 3280 1119
28 791 6325 6405 4882 2018 9299 4831 873 6240 130 3498 6479 6347 3340 12 8510 1989 8920 6919 6265 8525 7219 6317 2677 932 842 3950 1819
28 3300 1408 6903 7560 2239 2170 7373 1563 7794 2279 3580 606 6689 6247 1286 8634 2478 9272 445 8452 4028 9714 7156 4422 1385 5890 4950 3426
28 3234 2366 7140 8323 3797 9645 7388 3850 9719 4175 585 1641 7456 6886 2065 9439 3281 9405 806 8831 4048 1484 7283 4665 2328 7515 5103 8128
28 610 4174 8394 979 632 9962 8566 9171 1048 4358 917 2105 8652 9045 3990 9524 5098 2866 4559 9031 7758 1744 7452 4691 3121 8885 7338 3289
28 9673 8402 2296 2313 1051 59 8778 6810 3256 7146 1920 4139 8811 9155 4421 1616 5524 3211 5381 406 8544 3825 8925 6621 4545 531 8453 3623
28 6774 9251 6899 4269 4515 364 3842 3905 3775 7666 3606 5026 3291 2827 5793 2218 5891 3555 9508 1163 1305 3966 1 6887 5353 897 9257 3719
28 974 2342 5872 6678 5219 1699 4727 6316 3792 773 4937 5799 3621 3201 6153 2960 6031 4450 1291 2119 1489 4561 481 8198 5683 1491 9456 7952
28 3655 4323 768 8102 8947 5866 6580 7301 5810 1329 5824 7505 4284 6229 7856 5273 8795 5901 2187 2167 1890 6015 1199 9522 6463 1925 6282 8033
28 5361 3861 1764 9486 7542 6057 7053 9380 7345 2887 7134 1309 5863 8138 7906 9332 1969 5962 2299 3584 6997 9315 1968 3589 6674 3660 6723 4329
28 4013 5936 4090 2087 9489 6560 9894 497 7662 3461 7631 1519 5975 8270 809 9427 3106 9000 3820 5606 7357 1307 2123 6042 8389 4522 9145 784
28 9462 7007 2426 2160 52 7654 354 1277 7769 5897 426 3541 8575 8504 2597 1703 6248 9019 6452 6385 8403 2854 3159 4952 2724 6341 2582 922
28 756 3259 4067 5392 3198 609 1475 1347 831 7183 1805 3652 1417 4119 2704 1928 9709 656 9283 6831 9829 6086 3161 5157 2238 6531 5650 4825
28 8707 8996 6819 9587 8276 5244 5117 5978 6410 9661 1981 5289 3176 4227 2870 3290 1363 1343 14 7231 802 7813 6162 7370 2808 8661 7501 5836
28 8879 469 7605 2278 750 5868 6174 7255 6563 9907 2781 5490 3620 5408 3336 9230 3755 2365 429 239 2163 7953 6444 9865 3144 3739 8268 6524
28 6210 2474 8310 2349 851 969 8173 7673 7909 9958 3418 8134 4877 6173 4345 417 3817 5457 1304 3107 5037 9120 7802 9869 3440 4626 9910 8036
28 3790 7349 6126 3837 943 2998 3963 7949 8674 1502 3959 614 6601 9860 6354 895 8299 9780 3455 3921 6963 2535 9757 4766 3501 8612 4765 9034
